0.681488,-0.01507,-0.95592,-0.566656,-0.569329,0.693099,-0.57072,-0.290872,-0.953958,-1.15631,-0.287892,0.918529,-0.316941,0.123309,-0.195272
-1.49549,2.20289,-0.060007,-0.566656,-0.569329,0.468205,-0.0922306,0.244013,-0.953958,-1.15631,0.740293,0.918529,-0.316941,-0.79064,-0.0877882
-1.49549,-0.519369,-0.855481,-0.566656,-0.569329,0.468205,-0.0922306,-0.216167,-0.953958,0.86357,-0.493529,0.918529,-0.316941,0.571662,-0.0371174
0.681488,-0.254074,-0.646569,-0.566656,-0.569329,0.693099,-0.57072,0.456175,-0.953958,-1.15631,0.534656,-1.08712,-0.316941,-0.462998,-0.194696
0.681488,-0.864332,0.174015,-0.566656,-0.569329,0.693099,-0.57072,-0.153415,-0.953958,0.86357,-0.493529,0.918529,3.26813,-0.348035,-0.195272
0.681488,0.0845151,-0.152411,-0.566656,-0.569329,0.0184153,-0.57072,0.0826515,-0.953958,0.86357,-0.493529,-1.08712,-0.316941,1.03151,-0.195272
0.681488,0.171353,-0.747007,-0.566656,-0.569329,0.24331,-0.0922306,1.27793,-0.953958,0.86357,-0.493529,-1.08712,-0.316941,-0.0951187,5.80941
-1.49549,-0.645244,1.37124,-0.566656,-0.569329,-0.881164,-0.57072,-0.652442,-0.953958,0.86357,-0.493529,0.918529,-0.316941,-0.57796,0.0636484
0.681488,1.8643,-0.855481,1.65489,1.70141,-0.206479,-0.0922306,0.518926,-0.953958,0.86357,-0.493529,0.918529,-0.316941,-0.00314896,-0.135004
0.681488,0.914657,0.0313922,1.65489,1.70141,0.693099,-0.57072,0.281366,-0.953958,0.86357,-0.493529,-1.08712,-0.316941,-0.738907,0.0814983
0.681488,-0.712166,-0.789192,-0.566656,-0.569329,-1.33095,-0.0922306,-0.0174527,1.04674,0.86357,-0.493529,-1.08712,-0.316941,-0.302051,-0.195272
0.681488,-0.0875679,-0.58731,-0.566656,-0.569329,-1.33095,-0.0922306,0.630983,-0.953958,0.86357,-0.493529,0.918529,-0.316941,0.4567,-0.156885
-1.49549,0.576067,0.249344,-0.566656,-0.569329,-0.206479,-0.57072,-0.365576,-0.953958,0.86357,-0.493529,-1.08712,-0.316941,-1.03781,-0.195272
0.681488,1.3592,0.257379,-0.566656,-0.569329,-0.206479,-0.57072,-0.652442,1.04674,0.86357,-0.493529,0.918529,-0.316941,-1.03781,0.321033
-1.49549,1.17995,1.15329,-0.566656,-0.569329,0.468205,-0.57072,0.829698,-0.953958,-1.15631,0.94593,-1.08712,-0.316941,-1.03781,-0.195272
0.681488,0.450192,-0.0690465,1.65489,1.70141,-0.206479,-0.57072,-0.58969,-0.953958,-1.15631,1.56284,-1.08712,-0.316941,0.801586,-0.195272
0.681488,-0.220614,-0.780152,-0.566656,-0.569329,0.0184153,-0.57072,-0.377529,-0.953958,-1.15631,0.123382,-1.08712,-0.316941,1.23844,-0.195272
-1.49549,-0.618954,0.224234,-0.566656,-0.569329,0.468205,-0.57072,0.28286,-0.953958,-1.15631,1.56284,0.918529,-0.316941,-0.348035,-0.148248
0.681488,-0.732083,-0.9057,-0.566656,-0.569329,-1.10606,-0.0922306,-0.46568,-0.953958,0.86357,-0.493529,-1.08712,-0.316941,-1.03781,-0.195272
-1.49549,-0.944,0.768612,-0.566656,-0.569329,-0.881164,-0.0922306,-0.440281,-0.953958,-1.15631,0.94593,0.918529,-0.316941,-0.48599,-0.195272
0.681488,-0.479535,1.30395,-0.566656,-0.569329,-1.33095,-0.57072,0.0826515,-0.953958,-1.15631,3.0023,0.918529,-0.316941,0.111813,0.0365856
0.681488,-0.618954,-0.755042,-0.566656,-0.569329,-1.33095,-0.57072,-0.414881,-0.953958,0.86357,-0.493529,0.918529,3.26813,0.686624,-0.195272
-1.49549,1.33291,0.651099,-0.566656,-0.569329,-1.33095,-0.57072,1.6888,-0.953958,-1.15631,0.740293,-1.08712,-0.316941,-1.03781,0.0465662
-1.49549,-0.286738,1.9568,-0.566656,-0.569329,0.917994,-0.0922306,0.25746,-0.953958,-1.15631,-0.287892,0.918529,-0.316941,-0.348035,-0.19316
-1.49549,0.808698,0.349783,-0.566656,-0.569329,0.468205,-0.57072,-0.514985,-0.953958,-1.15631,0.123382,-1.08712,-0.316941,-0.204333,-0.195272
-1.49549,-1.21009,-0.838407,-0.566656,-0.569329,-1.33095,-0.0922306,-0.216167,-0.953958,-1.15631,-0.0822548,0.918529,-0.316941,-0.462998,-0.195272
-1.49549,1.27316,1.65549,-0.566656,-0.569329,-0.656269,0.386259,0.879003,-0.953958,-1.15631,1.3572,-1.08712,-0.316941,-1.03781,-0.195272
0.681488,2.03638,2.76031,-0.566656,-0.569329,-1.10606,0.386259,3.81788,-0.953958,-1.15631,3.0023,-1.08712,-0.316941,-1.03781,-0.195272
0.681488,2.1033,0.751537,-0.566656,-0.569329,1.14289,-0.0922306,1.42733,-0.953958,-1.15631,0.123382,0.918529,-0.316941,-1.03781,-0.195272
0.681488,0.881196,-0.747007,-0.566656,-0.569329,0.693099,-0.57072,0.829698,-0.953958,-1.15631,0.740293,-1.08712,-0.316941,1.83625,1.72408
0.681488,-0.140946,2.01506,-0.566656,-0.569329,1.36778,-0.57072,0.84165,-0.953958,-1.15631,0.534656,-1.08712,-0.316941,-0.0721262,-0.195272
0.681488,0.874822,1.01067,-0.566656,-0.569329,0.917994,-0.0922306,1.7142,-0.953958,-1.15631,1.15157,0.918529,-0.316941,-1.03781,-0.195272
0.681488,1.47233,0.567735,-0.566656,-0.569329,-0.656269,0.386259,1.60214,-0.953958,-1.15631,2.59103,-1.08712,-0.316941,-1.03781,0.764402
-1.49549,0.456565,0.0735764,-0.566656,-0.569329,1.14289,-0.57072,0.829698,-0.953958,0.86357,-0.493529,-1.08712,-0.316941,-1.03781,0.572468
-1.49549,-0.672332,1.20351,-0.566656,-0.569329,0.468205,-0.57072,-0.540385,-0.953958,-1.15631,0.534656,-1.08712,-0.316941,-1.03781,-0.0877882
0.681488,-0.254074,-0.654604,-0.566656,-0.569329,0.693099,-0.57072,-0.0667578,-0.953958,-1.15631,1.76848,-1.08712,-0.316941,1.45687,-0.188554
0.681488,-0.300282,-0.637529,-0.566656,-0.569329,-0.881164,-0.0922306,-0.116063,-0.953958,-1.15631,1.97411,-1.08712,-0.316941,2.31334,-0.0584222
-1.49549,-0.638871,1.40439,-0.566656,-0.569329,0.917994,-0.0922306,-0.514985,-0.953958,-1.15631,-0.0822548,-1.08712,-0.316941,0.686624,-0.0895156
0.681488,-0.260448,-0.838407,1.65489,1.70141,-0.881164,-0.57072,-0.58969,-0.953958,-1.15631,-0.0822548,0.918529,-0.316941,0.4567,-0.0993043
0.681488,1.87705,0.93534,-0.566656,-0.569329,1.59268,2.77871,3.64307,-0.953958,-1.15631,1.76848,-1.08712,-0.316941,-0.865365,-0.137691
0.681488,0.251021,0.886125,-0.566656,-0.569329,-1.33095,-0.57072,0.680288,-0.953958,-1.15631,1.97411,-1.08712,-0.316941,-1.03781,-0.152854
0.681488,-0.167236,2.05724,-0.566656,-0.569329,-1.33095,-0.0922306,0.929802,-0.953958,-1.15631,1.76848,0.918529,-0.316941,-1.03781,0.242915
0.681488,-0.107485,-0.671678,-0.566656,-0.569329,0.693099,-0.0922306,-0.440281,-0.953958,-1.15631,-0.287892,0.918529,-0.316941,0.341737,-0.176078
0.681488,0.682026,1.83929,-0.566656,-0.569329,0.693099,-0.57072,1.91291,-0.953958,-1.15631,0.740293,-1.08712,-0.316941,-0.635441,-0.195272
0.681488,2.02364,4.66864,1.65489,1.70141,-1.33095,-0.57072,7.85193,-0.953958,-1.15631,7.73195,0.918529,-0.316941,-1.03781,-0.192393
0.681488,1.85713,0.400002,-0.566656,-0.569329,-1.33095,-0.0922306,0.120004,-0.953958,-1.15631,1.76848,-1.08712,-0.316941,-1.03781,-0.140762
-1.49549,0.795154,-0.54613,1.65489,1.70141,0.468205,-0.0922306,-0.627042,-0.953958,-1.15631,4.23612,-1.08712,-0.316941,1.57758,0.0419597
0.681488,0.0717682,-0.060007,-0.566656,-0.569329,-0.881164,-0.0922306,1.14047,-0.953958,-1.15631,0.123382,0.918529,-0.316941,0.749853,-0.137691
0.681488,0.834988,-0.646569,-0.566656,-0.569329,-0.656269,0.386259,0.38147,1.04674,0.86357,-0.493529,0.918529,-0.316941,0.203783,-0.195272
0.681488,-0.565576,-0.822336,-0.566656,-0.569329,-1.33095,-0.57072,-0.61509,1.04674,0.86357,-0.493529,0.918529,-0.316941,-0.462998,-0.195272
-1.49549,-0.419784,-0.855481,-0.566656,-0.569329,-1.33095,-0.0922306,-0.402929,-0.953958,0.86357,-0.493529,-1.08712,-0.316941,1.78451,-0.195272
0.681488,-0.399867,-0.755042,-0.566656,-0.569329,0.468205,-0.57072,-0.141462,-0.953958,0.86357,-0.493529,-1.08712,-0.316941,0.571662,-0.195272
0.681488,0.509943,-0.54613,-0.566656,-0.569329,0.693099,-0.57072,-0.652442,-0.953958,0.86357,-0.493529,-1.08712,-0.316941,1.26143,0.91795
0.681488,0.310772,-0.453727,-0.566656,-0.569329,0.693099,-0.57072,-0.664395,-0.953958,0.86357,-0.493529,-1.08712,-0.316941,0.335989,-0.156885
0.681488,0.257395,-0.353288,-0.566656,-0.569329,-0.881164,-0.0922306,1.55134,-0.953958,0.86357,-0.493529,-1.08712,-0.316941,-1.03781,-0.195272
0.681488,-0.612581,1.37928,1.65489,1.70141,0.693099,-0.57072,-0.414881,-0.953958,0.86357,-0.493529,-1.08712,-0.316941,-0.118111,-0.137691
0.681488,-0.625327,-0.95592,-0.566656,-0.569329,-0.881164,-0.57072,-0.638995,-0.953958,0.86357,-0.493529,0.918529,-0.316941,-1.03781,-0.195272
0.681488,1.06045,-0.855481,-0.566656,-0.569329,-0.656269,-0.0922306,0.829698,-0.953958,0.86357,-0.493529,-1.08712,-0.316941,0.801586,-0.195272
0.681488,0.33069,-0.0519719,-0.566656,-0.569329,0.917994,-0.0922306,1.05381,1.04674,0.86357,-0.493529,-1.08712,3.26813,3.0491,-0.195272
0.681488,0.974408,-0.353288,-0.566656,-0.569329,0.468205,-0.0922306,1.12852,-0.953958,-1.15631,1.76848,0.918529,-0.316941,-0.57796,-0.195272
0.681488,2.04993,1.50483,-0.566656,-0.569329,0.0184153,-0.57072,-0.290872,-0.953958,-1.15631,0.329019,-1.08712,-0.316941,0.111813,-0.195272
0.681488,0.0518512,2.29126,-0.566656,-0.569329,-1.10606,-0.57072,0.232061,-0.953958,-1.15631,1.3572,0.918529,-0.316941,0.399219,-0.0551593
-1.49549,-0.60541,-0.797227,1.65489,1.70141,0.468205,-0.57072,-0.216167,-0.953958,-1.15631,-0.0822548,-1.08712,-0.316941,-0.57796,-0.118498
-1.49549,-0.844415,-0.788187,-0.566656,-0.569329,0.468205,-0.57072,-0.190767,-0.953958,-1.15631,-0.287892,0.918529,-0.316941,-1.03781,-0.195272
0.681488,-0.346489,-0.102191,-0.566656,-0.569329,-0.881164,-0.57072,0.617537,-0.953958,-1.15631,-0.287892,-1.08712,-0.316941,-0.348035,-0.195272
0.681488,0.251021,-0.646569,-0.566656,-0.569329,-0.881164,-0.57072,-0.204214,-0.953958,-1.15631,-0.287892,-1.08712,-0.316941,1.95121,9.40147
-1.49549,0.396814,-0.755042,-0.566656,-0.569329,-1.33095,-0.57072,-0.0667578,-0.953958,-1.15631,1.76848,0.918529,-0.316941,-1.03781,-0.107749
0.681488,-0.439701,-0.880591,-0.566656,-0.569329,0.0184153,-0.57072,-0.58969,-0.953958,-1.15631,0.123382,0.918529,-0.316941,0.4567,2.70448
0.681488,-0.924083,0.349783,-0.566656,-0.569329,0.693099,-0.0922306,-0.22812,-0.953958,-1.15631,0.94593,0.918529,-0.316941,-0.57796,0.371704
0.681488,0.33069,4.09112,-0.566656,-0.569329,0.917994,-0.0922306,-0.178815,-0.953958,-1.15631,-0.287892,-1.08712,-0.316941,1.92247,-0.0993043
0.681488,0.104432,0.55066,-0.566656,-0.569329,1.14289,0.386259,-0.190767,-0.953958,0.86357,-0.493529,-1.08712,3.26813,1.3764,-0.195272
0.681488,0.303602,-0.152411,-0.566656,-0.569329,-1.10606,0.386259,3.07084,-0.953958,0.86357,-0.493529,-1.08712,-0.316941,-1.03781,-0.195272
-1.49549,0.602358,0.0484667,-0.566656,-0.569329,-0.881164,-0.57072,3.36965,-0.953958,0.86357,-0.493529,-1.08712,-0.316941,4.59534,-0.195272
0.681488,1.05408,-0.855481,-0.566656,-0.569329,0.0184153,-0.57072,2.5479,-0.953958,0.86357,-0.493529,0.918529,3.26813,1.26143,-0.195272
0.681488,1.10028,0.450221,1.65489,1.70141,-1.33095,-0.57072,-0.178815,1.04674,0.86357,-0.493529,0.918529,-0.316941,-0.118111,-0.194888
0.681488,-0.824498,0.106721,-0.566656,-0.569329,0.468205,-0.57072,-0.552338,-0.953958,-1.15631,-0.287892,0.918529,-0.316941,-0.118111,-0.195272
0.681488,0.243851,0.349783,-0.566656,-0.569329,1.36778,-0.57072,-0.627042,-0.953958,0.86357,-0.493529,-1.08712,-0.316941,1.5086,-0.195272
-1.49549,-0.944,-0.838407,1.65489,1.70141,1.36778,-0.57072,-0.489586,-0.953958,0.86357,-0.493529,-1.08712,-0.316941,-0.118111,-0.195272
0.681488,-0.74483,-0.721898,1.65489,1.70141,-0.206479,-0.57072,0.0826515,-0.953958,-1.15631,-0.287892,0.918529,-0.316941,-0.00314896,-0.191433
0.681488,-0.758373,1.00263,-0.566656,-0.569329,-1.33095,-0.57072,-0.58969,-0.953958,0.86357,-0.493529,0.918529,-0.316941,-0.233073,-0.195272
0.681488,1.47871,2.86075,-0.566656,-0.569329,1.59268,2.77871,-0.664395,-0.953958,-1.15631,-0.287892,0.918529,-0.316941,-0.497486,-0.195272
-1.49549,-0.266821,-0.654604,-0.566656,-0.569329,0.0184153,-0.57072,-0.0667578,-0.953958,0.86357,-0.493529,0.918529,3.26813,1.0775,-0.195272
0.681488,0.701943,-0.855481,-0.566656,-0.569329,0.0184153,-0.57072,-0.58969,-0.953958,0.86357,-0.493529,0.918529,3.26813,0.617647,-0.195272
-1.49549,-2.47124,-0.252849,-0.566656,-0.569329,-1.10606,-0.57072,0.232061,-0.953958,0.86357,-0.493529,-1.08712,-0.316941,0.686624,-0.195272
0.681488,-0.300282,-0.830371,-0.566656,-0.569329,1.36778,-0.57072,-0.528432,-0.953958,0.86357,-0.493529,-1.08712,-0.316941,0.111813,-0.195272
0.681488,0.490026,-0.152411,-0.566656,-0.569329,-1.33095,0.386259,0.829698,-0.953958,0.86357,-0.493529,-1.08712,3.26813,0.571662,-0.195272
0.681488,-2.47124,-0.880591,-0.566656,-0.569329,-1.10606,-0.57072,-0.402929,-0.953958,0.86357,-0.493529,-1.08712,3.26813,4.29643,-0.195272
0.681488,-0.426157,-0.511981,1.65489,1.70141,1.36778,-0.57072,0.530879,-0.953958,0.86357,-0.493529,0.918529,-0.316941,0.0428359,-0.195272
0.681488,0.237478,-0.0519719,-0.566656,-0.569329,1.36778,-0.57072,-0.365576,-0.953958,0.86357,-0.493529,-1.08712,-0.316941,0.341737,-0.195272
-1.49549,1.4325,-0.654604,-0.566656,-0.569329,-0.431374,0.864748,-0.664395,-0.953958,0.86357,-0.493529,-1.08712,-0.316941,-0.462998,-0.190089
0.681488,2.50802,1.60527,1.65489,1.70141,-1.33095,-0.0922306,0.829698,-0.953958,0.86357,-0.493529,0.918529,-0.316941,-0.39402,-0.195272
0.681488,0.0319342,2.15768,-0.566656,-0.569329,-1.33095,-0.57072,-0.514985,-0.953958,0.86357,-0.493529,0.918529,-0.316941,-0.348035,-0.195272
0.681488,-2.47124,0.0484667,1.65489,1.70141,1.36778,-0.57072,1.87556,-0.953958,0.86357,-0.493529,0.918529,-0.316941,-1.03781,-0.195272
0.681488,1.69779,-0.679713,1.65489,1.70141,-1.33095,-0.0922306,2.16243,-0.953958,0.86357,-0.493529,-1.08712,-0.316941,0.111813,-0.176078
0.681488,-0.18078,-0.654604,1.65489,1.70141,-1.33095,-0.57072,-0.216167,-0.953958,0.86357,-0.493529,-1.08712,-0.316941,-1.03781,-0.152086
-1.49549,-0.194323,-0.244814,-0.566656,-0.569329,-0.656269,0.386259,-0.514985,-0.953958,0.86357,-0.493529,-1.08712,-0.316941,-0.0548819,-0.195272
0.681488,-0.638871,-0.830371,1.65489,1.70141,1.36778,-0.57072,-0.627042,-0.953958,0.86357,-0.493529,0.918529,-0.316941,-0.00314896,-0.19508
0.681488,-2.47124,-0.855481,-0.566656,-0.569329,-1.33095,0.386259,-0.414881,-0.953958,0.86357,-0.493529,-1.08712,3.26813,0.801586,-0.195272
-1.49549,-0.678705,1.25373,1.65489,1.70141,0.468205,-0.57072,0.232061,-0.953958,0.86357,-0.493529,-1.08712,-0.316941,0.502684,-0.195272
-1.49549,-0.200697,-0.755042,-0.566656,-0.569329,0.468205,-0.57072,-0.365576,-0.953958,-1.15631,-0.0822548,-1.08712,-0.316941,-0.0778744,-0.0993043
0.681488,0.516316,-0.604384,1.65489,1.70141,-1.33095,0.386259,-0.58969,-0.953958,0.86357,-0.493529,-1.08712,-0.316941,-0.0951187,-0.118498
0.681488,0.337063,2.35856,1.65489,1.70141,-1.33095,-0.57072,0.530879,-0.953958,0.86357,-0.493529,0.918529,-0.316941,-0.57796,-0.195272
0.681488,-0.983834,0.0484667,-0.566656,-0.569329,0.468205,-0.57072,-0.552338,-0.953958,-1.15631,-0.0822548,0.918529,-0.316941,-1.03781,-0.187978
0.681488,-0.479535,1.45461,-0.566656,-0.569329,-0.206479,-0.57072,0.00794684,-0.953958,-1.15631,-0.0822548,-1.08712,-0.316941,-0.348035,-0.194312
0.681488,-0.254074,-0.152411,1.65489,1.70141,-0.656269,-0.0922306,1.05381,-0.953958,-1.15631,-0.0822548,-1.08712,-0.316941,-0.6067,-0.195272
0.681488,1.89696,2.15768,-0.566656,-0.569329,1.14289,1.82173,-0.664395,-0.953958,-1.15631,3.61921,0.918529,-0.316941,-0.164096,-0.17032
0.681488,-0.18078,-0.721898,-0.566656,-0.569329,-0.206479,-0.57072,-0.514985,-0.953958,0.86357,-0.493529,0.918529,3.26813,0.571662,-0.195272
-1.49549,-0.479535,1.25373,1.65489,1.70141,1.36778,-0.57072,0.680288,-0.953958,0.86357,-0.493529,0.918529,-0.316941,-0.348035,-0.195272
0.681488,0.788781,-0.503946,1.65489,1.70141,0.917994,-0.0922306,2.32379,-0.953958,0.86357,-0.493529,-1.08712,-0.316941,-0.0261414,-0.195272
-1.49549,-0.897792,-0.805262,-0.566656,-0.569329,-1.33095,-0.57072,-0.426834,-0.953958,-1.15631,0.534656,-1.08712,-0.316941,-0.233073,-0.194312
0.681488,-0.147319,-0.252849,-0.566656,-0.569329,0.693099,-0.57072,0.38147,-0.953958,-1.15631,0.123382,-1.08712,-0.316941,0.853319,-0.195272
-1.49549,-0.519369,-0.747007,1.65489,1.70141,1.59268,2.77871,-0.514985,-0.953958,-1.15631,0.123382,0.918529,-0.316941,-0.00314896,-0.167057
0.681488,-0.512995,1.55505,-0.566656,-0.569329,0.693099,-0.57072,-0.402929,-0.953958,0.86357,-0.493529,-1.08712,-0.316941,0.4567,-0.195272
-1.49549,0.217561,-0.805262,-0.566656,-0.569329,-0.206479,0.386259,-0.365576,-0.953958,-1.15631,0.123382,-1.08712,-0.316941,0.18079,-0.195272
0.681488,-0.824498,-0.704823,1.65489,1.70141,-1.33095,-0.0922306,-0.253519,-0.953958,-1.15631,0.123382,-1.08712,-0.316941,-0.233073,-0.154965
-1.49549,-0.446074,-0.729933,-0.566656,-0.569329,0.468205,-0.57072,-0.278919,-0.953958,-1.15631,-0.0822548,0.918529,-0.316941,0.111813,-0.195272
0.681488,0.536233,0.450221,-0.566656,-0.569329,0.468205,-0.0922306,2.77202,-0.953958,-1.15631,0.94593,-1.08712,-0.316941,0.686624,-0.194312
0.681488,1.71134,0.349783,-0.566656,-0.569329,-0.206479,-0.57072,1.21517,-0.953958,-1.15631,2.59103,0.918529,-0.316941,-1.03781,1.95478
0.681488,2.13597,0.458256,-0.566656,-0.569329,0.0184153,-0.57072,3.51906,-0.953958,-1.15631,0.740293,-1.08712,-0.316941,1.03151,0.0603855
-1.49549,-0.818124,1.12015,-0.566656,-0.569329,-0.881164,-0.0922306,-0.564291,-0.953958,-1.15631,-0.287892,-1.08712,-0.316941,-0.57796,-0.185675
0.681488,0.709113,0.291528,-0.566656,-0.569329,0.468205,-0.57072,-0.652442,-0.953958,-1.15631,-0.287892,0.918529,-0.316941,0.111813,-0.137691
0.681488,-0.426157,1.55505,-0.566656,-0.569329,-0.881164,-0.57072,-0.302824,-0.953958,-1.15631,13.2841,-1.08712,-0.316941,-0.233073,-0.145753
-1.49549,-0.499452,1.55505,-0.566656,-0.569329,1.36778,-0.57072,-0.216167,-0.953958,-1.15631,1.97411,-1.08712,-0.316941,-0.348035,-0.0864447
-1.49549,1.0477,0.382927,-0.566656,-0.569329,0.468205,-0.57072,1.53939,-0.953958,-1.15631,0.123382,-1.08712,-0.316941,-1.03781,-0.195272
-1.49549,-0.599037,0.851976,-0.566656,-0.569329,0.468205,-0.57072,1.87556,-0.953958,-1.15631,0.534656,-1.08712,-0.316941,-0.348035,-0.195272
0.681488,0.310772,0.0484667,-0.566656,-0.569329,0.917994,-0.0922306,1.57674,-0.953958,-1.15631,0.740293,-1.08712,-0.316941,-1.03781,-0.00333688
0.681488,1.32654,-0.453727,-0.566656,-0.569329,0.0184153,0.386259,0.0826515,-0.953958,-1.15631,1.97411,-1.08712,-0.316941,1.31892,0.286485
0.681488,-0.658788,1.25373,-0.566656,-0.569329,0.468205,-0.57072,0.0826515,-0.953958,-1.15631,0.94593,-1.08712,-0.316941,-0.462998,-0.0399964
0.681488,0.270938,-0.102191,-0.566656,-0.569329,-0.656269,0.386259,0.306765,-0.953958,-1.15631,-0.0822548,0.918529,-0.316941,0.537173,-0.0781915
-1.49549,-0.20707,-0.252849,-0.566656,-0.569329,0.693099,-0.57072,-0.414881,-0.953958,0.86357,-0.493529,0.918529,3.26813,0.571662,-0.195272
0.681488,2.92628,0.148905,-0.566656,-0.569329,1.14289,1.82173,3.22025,-0.953958,-1.15631,-0.287892,-1.08712,-0.316941,-1.03781,-0.195272
0.681488,-0.844415,-0.58731,-0.566656,-0.569329,-1.33095,-0.57072,0.00794684,-0.953958,-1.15631,-0.287892,0.918529,-0.316941,-0.462998,-0.166481
-1.49549,1.30662,0.651099,-0.566656,-0.569329,1.14289,0.386259,1.27793,-0.953958,-1.15631,0.740293,0.918529,-0.316941,1.11773,9.6126
0.681488,0.416731,0.0484667,-0.566656,-0.569329,-1.33095,0.386259,0.0826515,-0.953958,-1.15631,0.740293,0.918529,-0.316941,-1.03781,-0.124832
0.681488,0.131519,0.148905,-0.566656,-0.569329,0.468205,-0.0922306,0.979107,-0.953958,-1.15631,1.97411,-1.08712,-0.316941,1.30742,-0.00333688
0.681488,1.39904,0.349783,-0.566656,-0.569329,0.468205,-0.0922306,1.12852,-0.953958,0.86357,-0.493529,-1.08712,-0.316941,0.974029,-0.195272
0.681488,0.709113,-0.847446,1.65489,1.70141,1.36778,-0.57072,-0.514985,-0.953958,-1.15631,0.123382,0.918529,-0.316941,0.111813,-0.00333688
0.681488,0.204017,-0.403507,-0.566656,-0.569329,0.0184153,-0.57072,0.605584,-0.953958,-1.15631,0.740293,0.918529,-0.316941,0.134806,-0.195272
-1.49549,-0.971087,0.952415,-0.566656,-0.569329,0.693099,-0.57072,-0.178815,-0.953958,-1.15631,0.740293,-1.08712,-0.316941,-0.807884,-0.0801108
-1.49549,-0.326572,1.75592,-0.566656,-0.569329,0.468205,-0.0922306,0.829698,-0.953958,-1.15631,-0.0822548,0.918529,-0.316941,-1.03781,0.764402
-1.49549,0.0183906,-0.20263,-0.566656,-0.569329,-0.881164,-0.0922306,-0.477633,-0.953958,-1.15631,1.3572,-1.08712,-0.316941,0.00259914,-0.195272
-1.49549,2.03001,2.25812,-0.566656,-0.569329,-0.431374,2.77871,-0.664395,-0.953958,-1.15631,2.59103,0.918529,-0.316941,-1.03781,-0.147864
0.681488,0.954491,-0.897665,1.65489,1.70141,-0.881164,-0.0922306,-0.141462,-0.953958,-1.15631,1.15157,0.918529,-0.316941,-0.462998,-0.123296
0.681488,-0.692249,1.25373,-0.566656,-0.569329,0.693099,-0.57072,-0.0667578,-0.953958,-1.15631,-0.287892,0.918529,-0.316941,-0.57796,-0.141914
0.681488,-0.300282,-0.621459,-0.566656,-0.569329,-0.881164,-0.0922306,0.855097,-0.953958,-1.15631,1.3572,0.918529,-0.316941,1.25569,-0.0365416
0.681488,0.144266,-0.453727,-0.566656,-0.569329,-0.881164,-0.0922306,0.157356,-0.953958,-1.15631,0.740293,0.918529,-0.316941,-0.118111,0.202417
0.681488,-0.618954,-0.654604,-0.566656,-0.569329,0.468205,-0.57072,0.0452991,-0.953958,-1.15631,0.123382,-1.08712,-0.316941,-1.03781,-0.0835656
-1.49549,0.741777,0.558695,1.65489,1.70141,0.468205,-0.0922306,1.72615,-0.953958,-1.15631,2.38539,0.918529,-0.316941,-1.03781,0.246178
-1.49549,-0.0413604,0.349783,-0.566656,-0.569329,-1.33095,0.386259,0.530879,-0.953958,-1.15631,0.94593,-1.08712,-0.316941,-1.03781,0.393008
-1.49549,1.73763,2.05724,-0.566656,-0.569329,-1.33095,-0.57072,0.979107,-0.953958,-1.15631,2.38539,0.918529,-0.316941,-1.03781,0.226985
-1.49549,1.24687,-0.863516,-0.566656,-0.569329,-0.881164,-0.0922306,-0.540385,-0.953958,-1.15631,1.76848,-1.08712,-0.316941,1.49136,-0.19412
-1.49549,2.1758,1.05285,-0.566656,-0.569329,0.468205,-0.57072,0.530879,-0.953958,-1.15631,2.38539,0.918529,-0.316941,-1.03781,0.112208
0.681488,0.502773,0.349783,-0.566656,-0.569329,0.0184153,-0.0922306,0.605584,-0.953958,-1.15631,1.97411,-1.08712,-0.316941,-0.503234,-0.195272
0.681488,-0.632498,-0.453727,-0.566656,-0.569329,-1.33095,-0.57072,-0.340177,-0.953958,-1.15631,1.76848,-1.08712,-0.316941,-0.692922,0.223914
0.681488,0.137893,-0.654604,-0.566656,-0.569329,-0.881164,-0.0922306,0.979107,-0.953958,-1.15631,0.123382,-1.08712,-0.316941,-1.03781,-0.195272
-1.49549,-0.74483,1.35417,1.65489,1.70141,-0.431374,0.864748,-0.664395,-0.953958,-1.15631,1.76848,-1.08712,-0.316941,-1.03781,-0.195272
-1.49549,-0.200697,-0.345253,1.65489,1.70141,0.917994,-0.0922306,0.0946042,-0.953958,-1.15631,-0.287892,0.918529,-0.316941,-0.635441,-0.195272
-1.49549,2.99957,2.05724,-0.566656,-0.569329,1.14289,1.82173,-0.664395,-0.953958,-1.15631,2.38539,0.918529,-0.316941,-1.03781,0.4527
0.681488,-0.240531,-0.554165,-0.566656,-0.569329,-0.206479,-0.0922306,0.580184,-0.953958,-1.15631,-0.0822548,-1.08712,-0.316941,0.00259914,-0.195272
0.681488,0.243851,-0.93985,1.65489,1.70141,0.0184153,0.386259,-0.652442,-0.953958,-1.15631,-0.287892,-1.08712,-0.316941,0.571662,0.188598
0.681488,-0.266821,-0.554165,-0.566656,-0.569329,0.917994,-0.0922306,-0.365576,-0.953958,-1.15631,0.329019,0.918529,-0.316941,-0.233073,1.25268
0.681488,1.03416,-0.554165,-0.566656,-0.569329,0.0184153,-0.57072,-0.141462,-0.953958,-1.15631,-0.0822548,-1.08712,-0.316941,-1.03781,-0.192393
0.681488,-0.473161,-0.61242,-0.566656,-0.569329,0.917994,-0.57072,-0.166862,-0.953958,-1.15631,-0.287892,-1.08712,-0.316941,1.23269,-0.191433
0.681488,0.0781417,-0.604384,1.65489,1.70141,1.14289,-0.0922306,-0.652442,-0.953958,0.86357,-0.493529,-1.08712,-0.316941,1.2212,-0.195272
-1.49549,2.35506,2.35856,-0.566656,-0.569329,0.468205,-0.57072,2.62261,-0.953958,0.86357,-0.493529,-1.08712,-0.316941,-0.917098,1.83175
-1.49549,0.781611,1.05285,-0.566656,-0.569329,0.468205,-0.0922306,-0.141462,-0.953958,0.86357,-0.493529,0.918529,-0.316941,-0.871113,-0.0346223
0.681488,-0.931253,0.952415,-0.566656,-0.569329,0.468205,-0.57072,-0.365576,-0.953958,0.86357,-0.493529,-1.08712,-0.316941,-0.692922,-0.118498
-1.49549,0.104432,-0.847446,-0.566656,-0.569329,-0.881164,-0.57072,-0.652442,-0.953958,0.86357,-0.493529,0.918529,-0.316941,1.49136,1.94998
0.681488,0.450192,-0.303069,-0.566656,-0.569329,0.468205,-0.0922306,2.02497,-0.953958,0.86357,-0.493529,-1.08712,-0.316941,-0.451501,-0.0726253
0.681488,0.516316,-0.729933,1.65489,1.70141,-1.10606,-0.57072,-0.216167,1.04674,0.86357,-0.493529,-1.08712,-0.316941,1.43963,-0.195272
-1.49549,-0.473161,-0.445691,1.65489,1.70141,1.36778,-0.57072,-0.58969,-0.953958,0.86357,-0.493529,-1.08712,-0.316941,1.08899,-0.195272
0.681488,0.821445,-0.95592,-0.566656,-0.569329,-1.33095,0.386259,3.81788,-0.953958,0.86357,-0.493529,0.918529,-0.316941,-1.03781,-0.195272
0.681488,1.99018,1.55505,-0.566656,-0.569329,-0.206479,-0.0922306,1.72615,-0.953958,0.86357,-0.493529,-1.08712,-0.316941,-0.899854,0.193972
-1.49549,1.49862,1.773,-0.566656,-0.569329,-0.206479,-0.0922306,1.87556,-0.953958,0.86357,-0.493529,-1.08712,-0.316941,-1.03781,-0.195272
0.681488,-0.665162,1.15329,-0.566656,-0.569329,0.468205,-0.0922306,-0.265472,-0.953958,0.86357,-0.493529,0.918529,-0.316941,-0.462998,-0.195272
0.681488,-0.320199,-0.654604,1.65489,1.70141,0.693099,-0.57072,-0.552338,-0.953958,0.86357,-0.493529,-1.08712,-0.316941,0.4567,0.00913888
0.681488,-0.479535,1.55505,-0.566656,-0.569329,1.36778,-0.57072,0.232061,-0.953958,0.86357,-0.493529,-1.08712,3.26813,-0.922846,-0.195272
-1.49549,-0.393493,0.784682,-0.566656,-0.569329,1.36778,-0.57072,-0.241567,-0.953958,0.86357,-0.493529,0.918529,-0.316941,-0.118111,-0.166481
-1.49549,-1.00375,0.902195,-0.566656,-0.569329,0.468205,-0.57072,-0.302824,-0.953958,-1.15631,0.329019,0.918529,-0.316941,-0.692922,-0.0916269
0.681488,-0.864332,0.685248,-0.566656,-0.569329,1.36778,-0.57072,-0.0787105,-0.953958,-1.15631,2.38539,0.918529,-0.316941,-0.692922,-0.164946
0.681488,1.32654,-0.897665,-0.566656,-0.569329,-1.33095,0.386259,3.81788,-0.953958,-1.15631,3.61921,0.918529,-0.316941,-1.03781,2.68375
-1.49549,-0.77829,-0.486871,-0.566656,-0.569329,-0.656269,0.386259,-0.514985,-0.953958,-1.15631,0.329019,0.918529,3.26813,-0.57796,-0.195272
-1.49549,-0.824498,-0.353288,-0.566656,-0.569329,0.468205,-0.57072,-0.61509,-0.953958,-1.15631,0.123382,0.918529,-0.316941,-0.462998,-0.19412
-1.49549,2.07622,2.96119,-0.566656,-0.569329,-1.33095,-0.57072,0.979107,-0.953958,-1.15631,0.94593,0.918529,-0.316941,-1.03781,0.380533
-1.49549,-0.685079,0.18205,-0.566656,-0.569329,0.468205,-0.57072,0.108051,-0.953958,-1.15631,0.94593,0.918529,-0.316941,-0.296302,0.42986
0.681488,1.41258,0.751537,-0.566656,-0.569329,-1.33095,-0.0922306,3.07084,-0.953958,-1.15631,1.3572,0.918529,-0.316941,0.00259914,0.12238
0.681488,0.715486,0.349783,-0.566656,-0.569329,1.36778,0.386259,0.38147,-0.953958,-1.15631,-0.287892,0.918529,-0.316941,-1.03781,-0.0993043
0.681488,0.761694,0.0484667,-0.566656,-0.569329,-1.33095,-0.57072,0.829698,-0.953958,-1.15631,0.94593,0.918529,-0.316941,-1.03781,0.393008
-1.49549,-0.187153,-0.747007,-0.566656,-0.569329,-1.33095,-0.57072,0.0826515,-0.953958,-1.15631,0.534656,-1.08712,-0.316941,0.686624,0.0791951
-1.49549,0.164183,-0.0268622,-0.566656,-0.569329,0.468205,-0.0922306,-0.178815,-0.953958,-1.15631,-0.0822548,0.918529,-0.316941,-1.03781,-0.195272
0.681488,-0.771917,1.15329,-0.566656,-0.569329,-1.33095,-0.57072,0.232061,-0.953958,0.86357,-0.493529,-1.08712,-0.316941,-1.03781,-0.195272
0.681488,0.874822,-0.91474,-0.566656,-0.569329,-0.656269,-0.0922306,0.86705,-0.953958,0.86357,-0.493529,0.918529,-0.316941,1.26143,-0.195272
0.681488,0.854905,-0.763078,-0.566656,-0.569329,0.917994,-0.57072,0.0826515,-0.953958,0.86357,-0.493529,0.918529,-0.316941,1.89373,-0.0801108
0.681488,-0.665162,-0.637529,1.65489,1.70141,0.693099,-0.57072,0.25746,-0.953958,-1.15631,0.740293,0.918529,-0.316941,-0.57796,-0.195272
0.681488,0.277312,-0.144375,1.65489,1.70141,-0.656269,0.386259,1.87556,-0.953958,-1.15631,0.94593,-1.08712,-0.316941,0.0830726,-0.195272
0.681488,-0.220614,0.0565018,1.65489,1.70141,-1.33095,0.386259,-0.216167,-0.953958,-1.15631,1.15157,-1.08712,-0.316941,-0.210081,-0.193928
0.681488,0.171353,-0.320143,1.65489,1.70141,0.917994,-0.57072,0.281366,-0.953958,-1.15631,0.123382,-1.08712,-0.316941,1.14647,-0.195272
0.681488,1.36637,0.57577,-0.566656,-0.569329,0.693099,-0.0922306,3.96729,-0.953958,-1.15631,1.97411,0.918529,-0.316941,-1.03781,-0.0436432
0.681488,-0.273991,-0.54613,1.65489,1.70141,1.36778,-0.57072,-0.0667578,-0.953958,-1.15631,0.123382,-1.08712,-0.316941,1.08899,-0.0877882
0.681488,-0.672332,1.06089,-0.566656,-0.569329,0.917994,-0.57072,-0.652442,-0.953958,-1.15631,1.3572,0.918529,-0.316941,-0.692922,-0.119266
-1.49549,-0.55283,-0.855481,-0.566656,-0.569329,0.468205,-0.0922306,-0.290872,-0.953958,-1.15631,-0.287892,0.918529,-0.316941,-1.03781,-0.0651399
-1.49549,0.821445,-0.755042,-0.566656,-0.569329,-0.656269,0.386259,0.00794684,-0.953958,0.86357,-0.493529,-1.08712,-0.316941,-1.03781,-0.137691
0.681488,-0.493078,-0.403507,-0.566656,-0.569329,-1.33095,-0.57072,0.00794684,-0.953958,-1.15631,0.740293,0.918529,-0.316941,-1.03781,-0.0801108
-1.49549,-0.818124,1.10307,-0.566656,-0.569329,0.468205,-0.57072,-0.452234,-0.953958,-1.15631,-0.0822548,-1.08712,-0.316941,-0.756151,-0.195272
0.681488,0.423104,-0.529055,1.65489,1.70141,0.693099,-0.57072,-0.638995,-0.953958,-1.15631,-0.287892,0.918529,-0.316941,-0.750403,0.0325549
-1.49549,0.350607,1.45461,-0.566656,-0.569329,0.468205,-0.0922306,3.51906,-0.953958,-1.15631,1.15157,0.918529,-0.316941,-1.03781,1.06958
-1.49549,3.2314,-0.95592,2.76567,1.70141,0.130863,1.34324,-0.664395,1.04674,0.86357,-0.493529,0.918529,1.47559,-1.03781,-0.195272
0.681488,-0.187153,0.91927,-0.566656,-0.569329,0.468205,-0.0922306,1.02841,-0.953958,-1.15631,0.740293,0.918529,-0.316941,1.15222,-0.163027
0.681488,0.33069,-0.453727,-0.566656,-0.569329,-0.206479,-0.57072,0.680288,-0.953958,-1.15631,0.94593,0.918529,-0.316941,-0.175592,0.0484855
0.681488,0.675652,-0.102191,-0.566656,-0.569329,-1.33095,0.386259,1.27793,-0.953958,-1.15631,2.79666,0.918529,-0.316941,-0.36528,0.0369694
0.681488,0.662109,0.224234,-0.566656,-0.569329,-0.881164,-0.0922306,2.32379,-0.953958,-1.15631,2.38539,-1.08712,-0.316941,1.25569,-0.195272
0.681488,-0.532912,0.374892,1.65489,1.70141,-1.10606,-0.57072,0.979107,-0.953958,0.86357,-0.493529,-1.08712,3.26813,-0.462998,-0.195272
0.681488,2.31522,1.9568,-0.566656,-0.569329,1.59268,2.77871,4.71434,-0.953958,-1.15631,2.59103,-1.08712,-0.316941,-1.03781,-0.00333688
0.681488,-0.632498,1.35417,-0.566656,-0.569329,-0.656269,-0.57072,0.38147,-0.953958,-1.15631,1.3572,0.918529,-0.316941,-0.715914,-0.0528561
0.681488,-0.346489,-0.411542,1.65489,1.70141,-0.881164,-0.57072,0.904402,-0.953958,-1.15631,-0.287892,0.918529,-0.316941,0.175042,-0.195272
0.681488,1.36637,-0.252849,-0.566656,-0.569329,1.36778,-0.57072,0.38147,-0.953958,0.86357,-0.493529,0.918529,3.26813,0.284256,-0.195272
0.681488,0.808698,-0.144375,-0.566656,-0.569329,-0.881164,-0.0922306,1.42733,-0.953958,-1.15631,1.15157,0.918529,-0.316941,0.801586,-0.195272
0.681488,1.9838,1.35417,-0.566656,-0.569329,1.59268,2.77871,0.829698,-0.953958,-1.15631,0.534656,0.918529,-0.316941,-1.03781,1.50354
0.681488,1.82447,0.977524,-0.566656,-0.569329,1.14289,-0.57072,1.92487,-0.953958,-1.15631,0.534656,0.918529,-0.316941,-1.03781,-0.195272
-1.49549,-0.963917,0.902195,1.65489,1.70141,-1.33095,-0.57072,-0.365576,-0.953958,-1.15631,0.329019,-1.08712,-0.316941,-0.57796,-0.0993043
-1.49549,1.51854,1.56308,-0.566656,-0.569329,1.36778,-0.57072,0.0198996,-0.953958,-1.15631,0.123382,-1.08712,-0.316941,-0.141104,-0.195272
0.681488,2.74065,1.25373,-0.566656,-0.569329,1.14289,1.82173,5.31197,-0.953958,-1.15631,0.94593,-1.08712,-0.316941,-0.91135,-0.195272
-1.49549,-1.07067,0.851976,-0.566656,-0.569329,1.36778,-0.57072,-0.253519,-0.953958,0.86357,-0.493529,-1.08712,-0.316941,-1.03781,-0.195272
-1.49549,-0.971087,0.96045,-0.566656,-0.569329,1.36778,-0.57072,-0.638995,-0.953958,0.86357,-0.493529,0.918529,-0.316941,-0.462998,-0.195272
-1.49549,0.536233,0.148905,-0.566656,-0.569329,0.468205,-0.57072,-0.627042,-0.953958,0.86357,-0.493529,-1.08712,-0.316941,0.27276,-0.195272
0.681488,-0.618954,-0.152411,-0.566656,-0.569329,-1.33095,0.386259,-0.58969,-0.953958,0.86357,-0.493529,-1.08712,-0.316941,-0.118111,-0.195272
0.681488,-1.03084,0.148905,-0.566656,-0.569329,-0.206479,-0.57072,-0.514985,-0.953958,0.86357,-0.493529,0.918529,-0.316941,-0.57796,-0.195272
-1.49549,-0.678705,0.743502,1.65489,1.70141,0.917994,-0.57072,0.0706987,1.04674,0.86357,-0.493529,0.918529,-0.316941,-0.0951187,-0.195272
0.681488,-0.904166,-0.880591,-0.566656,-0.569329,0.468205,-0.57072,-0.0667578,-0.953958,-1.15631,-0.0822548,-1.08712,-0.316941,-0.57796,-0.195272
0.681488,-0.712166,1.25373,-0.566656,-0.569329,-0.881164,-0.57072,-0.46568,-0.953958,0.86357,-0.493529,0.918529,-0.316941,-0.462998,-0.195272
0.681488,-0.465991,-0.252849,-0.566656,-0.569329,-0.881164,-0.57072,-0.477633,-0.953958,-1.15631,0.94593,0.918529,-0.316941,-1.03781,1.1596
-1.49549,1.30662,-0.353288,-0.566656,-0.569329,0.917994,-0.57072,3.48171,-0.953958,-1.15631,-0.0822548,-1.08712,-0.316941,1.94546,0.131785
0.681488,0.197644,-0.604384,-0.566656,-0.569329,0.917994,-0.0922306,0.680288,-0.953958,-1.15631,0.329019,-1.08712,-0.316941,0.416463,-0.0307836
0.681488,-0.266821,1.80614,-0.566656,-0.569329,0.693099,-0.57072,1.05381,-0.953958,0.86357,-0.493529,-1.08712,-0.316941,1.76152,-0.0993043
-1.49549,2.18297,3.2625,-0.566656,-0.569329,-0.656269,0.386259,2.32379,-0.953958,-1.15631,2.17975,0.918529,-0.316941,-1.03781,1.09069
-1.49549,-0.824498,-0.58731,-0.566656,-0.569329,0.468205,-0.57072,-0.0413582,-0.953958,-1.15631,0.534656,0.918529,-0.316941,0.226775,0.285141
0.681488,-0.386323,-0.9057,-0.566656,-0.569329,-0.656269,0.386259,-0.664395,-0.953958,0.86357,-0.493529,-1.08712,-0.316941,-1.03781,-0.195272
0.681488,-0.771917,0.55066,-0.566656,-0.569329,1.36778,-0.57072,-0.241567,-0.953958,-1.15631,-0.287892,0.918529,-0.316941,-0.57796,1.68569
0.681488,0.940947,-0.0268622,-0.566656,-0.569329,0.468205,-0.57072,0.704194,-0.953958,0.86357,-0.493529,0.918529,3.26813,-1.03781,-0.195272
0.681488,0.569694,1.07796,-0.566656,-0.569329,0.917994,-0.57072,0.0826515,-0.953958,-1.15631,0.740293,0.918529,-0.316941,1.95121,-0.157652
0.681488,-0.838041,1.05285,1.65489,1.70141,-1.33095,-0.57072,0.0826515,-0.953958,0.86357,-0.493529,0.918529,3.26813,-0.807884,-0.195272
0.681488,1.37275,4.08309,-0.566656,-0.569329,0.693099,-0.57072,-0.141462,-0.953958,-1.15631,0.123382,0.918529,-0.316941,-0.348035,-0.192585
0.681488,-0.21424,0.0484667,-0.566656,-0.569329,0.693099,-0.57072,2.62261,-0.953958,0.86357,-0.493529,-1.08712,-0.316941,-0.635441,-0.195272
-1.49549,-0.97746,0.55066,-0.566656,-0.569329,0.468205,-0.57072,0.145403,-0.953958,-1.15631,0.534656,0.918529,-0.316941,-1.03781,4.93438
0.681488,-0.997377,-0.554165,-0.566656,-0.569329,-0.656269,-0.57072,-0.216167,-0.953958,-1.15631,-0.0822548,0.918529,-0.316941,-0.348035,-0.137691
0.681488,0.171353,-0.345253,1.65489,1.70141,-1.33095,-0.0922306,-0.054805,-0.953958,-1.15631,-0.287892,-1.08712,-0.316941,-0.00314896,3.26474
0.681488,1.11383,0.751537,-0.566656,-0.569329,-0.881164,-0.0922306,3.51906,-0.953958,-1.15631,-0.287892,-1.08712,-0.316941,-0.531975,0.188598
-1.49549,-0.904166,-0.913736,-0.566656,-0.569329,0.468205,-0.0922306,-0.577737,-0.953958,-1.15631,1.76848,0.918529,-0.316941,-0.57796,-0.17627
-0.407,-0.519369,1.60527,-0.566656,-0.569329,-1.33095,0.386259,0.754993,-0.953958,-1.15631,-0.0822548,0.918529,-0.316941,-0.618196,-0.110053
0.681488,-0.732083,1.25373,-0.566656,-0.569329,0.917994,-0.57072,-0.577737,-0.953958,-1.15631,0.740293,0.918529,-0.316941,-0.342287,-0.195272
0.681488,0.735403,3.36294,-0.566656,-0.569329,1.14289,1.82173,5.31197,-0.953958,-1.15631,1.76848,0.918529,-0.316941,-1.03781,0.0350501
0.681488,0.828615,0.0484667,-0.566656,-0.569329,0.468205,-0.0922306,0.829698,-0.953958,-1.15631,0.740293,-1.08712,-0.316941,1.6638,-0.195272
-1.49549,-1.05076,1.25373,-0.566656,-0.569329,0.917994,-0.0922306,-0.365576,-0.953958,-1.15631,1.76848,0.918529,-0.316941,-1.03781,0.380533
0.681488,-0.625327,1.27884,-0.566656,-0.569329,0.917994,-0.0922306,-0.526938,-0.953958,-1.15631,-0.287892,0.918529,-0.316941,-0.462998,-0.195272
0.681488,-2.47124,-0.830371,-0.566656,-0.569329,-0.206479,-0.57072,-0.58969,1.04674,0.86357,-0.493529,0.918529,-0.316941,1.14647,0.190517
0.681488,-1.02367,1.10307,-0.566656,-0.569329,-1.33095,-0.0922306,-0.340177,1.04674,0.86357,-0.493529,0.918529,-0.316941,0.801586,-0.192777
0.681488,-0.877875,1.26277,-0.566656,-0.569329,-1.33095,-0.57072,-0.0667578,1.04674,0.86357,-0.493529,-1.08712,-0.316941,-0.256066,-0.195272
0.681488,-0.877875,-0.95592,-0.566656,-0.569329,-1.10606,-0.57072,-0.514985,1.04674,0.86357,-0.493529,0.918529,-0.316941,-0.210081,-0.195272
-1.49549,-0.818124,0.96045,-0.566656,-0.569329,-0.656269,-0.57072,-0.652442,1.04674,0.86357,-0.493529,0.918529,-0.316941,0.111813,-0.00333688
-1.49549,-0.519369,-0.604384,1.65489,1.70141,-1.33095,-0.57072,-0.61509,1.04674,0.86357,-0.493529,0.918529,-0.316941,-0.279058,-0.195272
0.681488,0.137893,-0.486871,-0.566656,-0.569329,-1.10606,-0.0922306,1.05381,1.04674,0.86357,-0.493529,-1.08712,-0.316941,0.640639,-0.195272
-1.49549,1.68505,-0.95592,1.65489,1.70141,1.59268,2.77871,-0.664395,1.04674,0.86357,-0.493529,0.918529,-0.316941,-1.03781,-0.195272
-1.49549,1.36637,-0.687749,-0.566656,-0.569329,-0.656269,3.25719,-0.564291,1.04674,0.86357,-0.493529,0.918529,-0.316941,-1.03781,-0.17224
-1.49549,-0.844415,1.15329,1.65489,1.70141,0.917994,-0.0922306,-0.664395,1.04674,0.86357,-0.493529,-1.08712,-0.316941,-0.1526,-0.18913
0.681488,1.57192,-0.838407,-0.566656,-0.569329,1.59268,2.77871,-0.664395,1.04674,0.86357,-0.493529,0.918529,-0.316941,-0.204333,-0.195272
0.681488,-1.11051,-0.938845,1.65489,1.70141,-1.33095,-0.57072,-0.652442,1.04674,0.86357,-0.493529,0.918529,-0.316941,-0.233073,-0.0566948
0.681488,-1.01092,-0.712858,1.65489,1.70141,1.14289,2.30022,-0.664395,1.04674,0.86357,-0.493529,0.918529,-0.316941,-0.462998,-0.195272
-1.49549,0.0781417,0.249344,-0.566656,-0.569329,-1.10606,-0.57072,-0.290872,1.04674,0.86357,-0.493529,0.918529,-0.316941,0.525677,-0.195272
0.681488,2.28256,-0.646569,-0.566656,-0.569329,0.468205,-0.57072,-0.627042,-0.953958,0.86357,-0.493529,-1.08712,-0.316941,0.4567,-0.195272
0.681488,-1.03721,-0.922775,-0.566656,-0.569329,0.468205,1.34324,-0.601643,1.04674,0.86357,-0.493529,0.918529,-0.316941,0.111813,-0.187594
0.681488,0.52269,-0.95592,2.76567,1.70141,0.130863,1.34324,-0.664395,1.04674,0.86357,-0.493529,0.918529,1.47559,-1.03781,-0.195272
0.681488,0.104432,-0.453727,-0.566656,-0.569329,-1.33095,-0.57072,-0.290872,1.04674,0.86357,-0.493529,-1.08712,-0.316941,0.571662,-0.195272
0.681488,-1.03084,0.400002,1.65489,1.70141,0.0184153,-0.57072,-0.652442,1.04674,0.86357,-0.493529,0.918529,-0.316941,-0.233073,-0.195272
0.681488,0.576067,1.07796,1.65489,1.70141,-0.206479,-0.57072,-0.627042,1.04674,0.86357,-0.493529,0.918529,-0.316941,-0.118111,-0.195272
0.681488,-0.0278169,-0.453727,-0.566656,-0.569329,-0.881164,-0.0922306,0.00794684,1.04674,0.86357,-0.493529,-1.08712,3.26813,0.916548,-0.195272
0.681488,-0.991004,0.19109,-0.566656,-0.569329,-1.10606,-0.57072,-0.503033,1.04674,0.86357,-0.493529,0.918529,-0.316941,-0.348035,-0.195272
-1.49549,-0.944,0.131831,-0.566656,-0.569329,-0.656269,-0.0922306,-0.577737,1.04674,0.86357,-0.493529,0.918529,-0.316941,-0.57796,-0.102375
-1.49549,-1.02367,1.05285,1.65489,1.70141,0.468205,-0.0922306,-0.61509,1.04674,0.86357,-0.493529,0.918529,-0.316941,0.916548,-0.195272
0.681488,-0.512995,1.75592,1.65489,1.70141,1.59268,2.77871,-0.664395,1.04674,0.86357,-0.493529,0.918529,-0.316941,-1.03781,-0.195272
0.681488,-1.17663,-0.788187,-0.566656,-0.569329,0.0184153,-0.57072,-0.638995,-0.953958,0.86357,-0.493529,0.918529,3.26813,0.111813,-0.195272
0.681488,-0.784664,-0.780152,1.65489,1.70141,-1.33095,-0.0922306,-0.58969,1.04674,0.86357,-0.493529,0.918529,-0.316941,0.571662,-0.156117
0.681488,-0.565576,-0.838407,1.65489,1.70141,-0.881164,-0.0922306,-0.627042,1.04674,0.86357,-0.493529,0.918529,-0.316941,0.341737,-0.19508
0.681488,-1.0635,-0.060007,-0.566656,-0.569329,-1.33095,-0.57072,-0.58969,1.04674,0.86357,-0.493529,0.918529,3.26813,-0.57796,-0.195272
-1.49549,-1.15671,-0.704823,-0.566656,-0.569329,0.468205,-0.57072,-0.58969,1.04674,-1.15631,-0.287892,0.918529,-0.316941,-0.417013,-0.176462
0.681488,-0.618954,1.58016,-0.566656,-0.569329,-1.33095,-0.57072,-0.627042,1.04674,-1.15631,-0.0822548,0.918529,-0.316941,-1.03781,0.87035
0.681488,-1.07067,1.05285,-0.566656,-0.569329,0.693099,-0.0922306,-0.61509,1.04674,-1.15631,-0.287892,0.918529,-0.316941,-0.348035,-0.19508
-1.49549,-2.47124,-0.654604,-0.566656,-0.569329,1.59268,2.77871,-0.664395,1.04674,-1.15631,-0.0822548,-1.08712,-0.316941,0.111813,-0.175119
0.681488,-0.121029,-0.839411,-0.566656,-0.569329,0.693099,-0.57072,-0.577737,1.04674,-1.15631,-0.287892,0.918529,-0.316941,0.916548,0.342722
0.681488,-0.971087,-0.872556,1.65489,1.70141,-1.33095,-0.57072,-0.61509,1.04674,-1.15631,-0.287892,0.918529,-0.316941,0.111813,-0.19508
-1.49549,-0.738456,-0.604384,1.65489,1.70141,-0.431374,0.864748,-0.664395,1.04674,0.86357,-0.493529,0.918529,-0.316941,-0.118111,-0.195272
0.681488,-0.638871,-0.805262,-0.566656,-0.569329,0.0184153,-0.57072,-0.514985,1.04674,0.86357,-0.493529,-1.08712,3.26813,0.801586,-0.195272
-1.49549,-1.01729,1.05285,-0.566656,-0.569329,0.693099,-0.57072,-0.365576,1.04674,-1.15631,-0.287892,0.918529,-0.316941,-0.348035,-0.19508
0.681488,-0.446074,-0.847446,-0.566656,-0.569329,0.693099,-0.57072,-0.61509,1.04674,-1.15631,-0.287892,0.918529,-0.316941,0.525677,-0.110053
0.681488,0.376897,-0.470801,-0.566656,-0.569329,0.693099,-0.57072,-0.627042,1.04674,-1.15631,-0.0822548,0.918529,-0.316941,0.226775,-0.19508
-1.49549,-1.19017,-0.888626,-0.566656,-0.569329,1.59268,2.77871,-0.664395,1.04674,-1.15631,-0.287892,0.918529,-0.316941,-0.118111,-0.171088
-1.49549,0.0717682,-0.328178,-0.566656,-0.569329,1.59268,2.77871,0.244013,1.04674,-1.15631,-0.0822548,-1.08712,-0.316941,0.111813,-0.194504
0.681488,3.0394,0.851976,-0.566656,-0.569329,1.59268,2.77871,0.530879,1.04674,-1.15631,-0.287892,0.918529,-0.316941,-0.635441,-0.19412
0.681488,0.151436,-0.453727,-0.566656,-0.569329,1.36778,-0.57072,-0.141462,1.04674,-1.15631,-0.0822548,-1.08712,-0.316941,3.10083,-0.195272
0.681488,-1.17026,-0.403507,-0.566656,-0.569329,1.36778,-0.57072,-0.46568,1.04674,-1.15631,-0.287892,0.918529,-0.316941,-0.57796,-0.191241
0.681488,-0.704996,1.47972,-0.566656,-0.569329,-1.33095,-0.57072,0.332165,1.04674,-1.15631,-0.0822548,-1.08712,-0.316941,-0.00314896,-0.162067
-1.49549,2.11605,-0.554165,-0.566656,-0.569329,1.59268,2.77871,1.27793,1.04674,-1.15631,-0.287892,0.918529,-0.316941,-1.03781,-0.193352
0.681488,-1.01729,-0.922775,-0.566656,-0.569329,-1.10606,-0.57072,-0.58969,1.04674,0.86357,-0.493529,-1.08712,3.26813,0.571662,-0.195272
0.681488,-0.60541,-0.755042,-0.566656,-0.569329,-1.33095,-0.57072,-0.514985,1.04674,0.86357,-0.493529,-1.08712,3.26813,0.571662,-0.195272
-1.49549,-1.20292,-0.378398,-0.566656,-0.569329,0.468205,-0.57072,-0.638995,1.04674,0.86357,-0.493529,0.918529,-0.316941,-0.348035,-0.195272
-1.49549,-0.499452,1.78907,-0.566656,-0.569329,0.468205,-0.0922306,-0.216167,1.04674,0.86357,-0.493529,0.918529,-0.316941,0.571662,-0.19508
0.681488,1.41258,4.33418,1.65489,1.70141,1.59268,2.77871,-0.664395,-0.953958,0.86357,-0.493529,-1.08712,-0.316941,-1.03781,-0.195272
0.681488,-0.599037,-0.403507,-0.566656,-0.569329,1.59268,2.77871,0.680288,1.04674,0.86357,-0.493529,0.918529,-0.316941,-0.118111,-0.190473
0.681488,-0.991004,1.11111,-0.566656,-0.569329,1.59268,2.77871,-0.540385,1.04674,0.86357,-0.493529,0.918529,-0.316941,-0.57796,-0.195272
0.681488,-0.260448,-0.696788,-0.566656,-0.569329,-0.206479,-0.0922306,-0.58969,1.04674,0.86357,-0.493529,-1.08712,3.26813,-0.233073,-0.195272
-1.49549,0.0582247,-0.353288,1.65489,1.70141,-0.431374,0.864748,-0.664395,1.04674,0.86357,-0.493529,0.918529,-0.316941,-0.118111,-0.191433
-1.49549,-0.493078,-0.0519719,-0.566656,-0.569329,0.693099,-0.57072,-0.365576,1.04674,0.86357,-0.493529,-1.08712,-0.316941,1.03151,-0.19412
0.681488,-0.957543,-0.604384,1.65489,1.70141,-1.33095,-0.57072,0.0333464,1.04674,0.86357,-0.493529,-1.08712,-0.316941,-0.39402,-0.19412
-1.49549,-1.17026,-0.913736,-0.566656,-0.569329,1.36778,-0.57072,-0.627042,1.04674,0.86357,-0.493529,0.918529,-0.316941,0.111813,-0.19508
-1.49549,-0.991004,1.05285,-0.566656,-0.569329,-1.10606,-0.57072,-0.540385,1.04674,0.86357,-0.493529,0.918529,-0.316941,-0.57796,-0.18721
0.681488,-1.17663,-0.95592,1.65489,1.70141,1.36778,-0.57072,-0.58969,1.04674,0.86357,-0.493529,0.918529,-0.316941,-0.692922,-0.195272
0.681488,-0.638871,-0.805262,-0.566656,-0.569329,0.0184153,-0.57072,-0.514985,-0.953958,0.86357,-0.493529,-1.08712,3.26813,0.801586,-0.195272
0.681488,-0.784664,-0.9057,1.65489,1.70141,-1.33095,-0.0922306,-0.58969,1.04674,0.86357,-0.493529,0.918529,-0.316941,0.571662,-0.156117
0.681488,-1.07705,3.46338,3.87644,3.97214,1.59268,3.25719,-0.664395,1.04674,0.86357,-0.493529,-1.08712,1.47559,1.54884,18.9982
0.681488,-0.944,-0.95592,1.65489,1.70141,0.0184153,0.386259,-0.664395,1.04674,0.86357,-0.493529,-1.08712,3.26813,1.83625,-0.19508
0.681488,0.456565,-0.93081,1.65489,1.70141,-1.33095,-0.57072,-0.216167,1.04674,0.86357,-0.493529,-1.08712,-0.316941,0.295753,-0.173583
0.681488,-0.77829,-0.654604,-0.566656,-0.569329,0.693099,-0.57072,-0.216167,1.04674,0.86357,-0.493529,0.918529,-0.316941,-0.175592,-0.193736
-1.49549,-1.03084,-0.880591,3.87644,3.97214,-0.881164,2.77871,2.32379,1.04674,0.86357,-0.493529,-1.08712,3.26813,0.686624,-0.195272
-1.49549,0.211187,-0.880591,-0.566656,-0.569329,-0.881164,-0.57072,-0.552338,1.04674,0.86357,-0.493529,0.918529,-0.316941,0.686624,-0.186827
0.681488,1.39904,-0.91474,1.65489,1.70141,-0.206479,-0.57072,-0.58969,-0.953958,-1.15631,1.76848,0.918529,-0.316941,1.14647,0.329094
0.681488,0.211187,-0.704823,-0.566656,-0.569329,0.693099,-0.57072,-0.316271,1.04674,0.86357,-0.493529,0.918529,-0.316941,-0.348035,-0.195272
-1.49549,-0.121029,-0.737968,1.65489,1.70141,0.917994,-0.57072,-0.365576,1.04674,0.86357,-0.493529,0.918529,-0.316941,0.571662,-0.192777
0.681488,-0.0676509,-0.737968,1.65489,1.70141,-1.33095,-0.57072,-0.652442,1.04674,0.86357,-0.493529,0.918529,-0.316941,-0.06063,-0.160915
-0.407,0.781611,-0.252849,-0.566656,-0.569329,-0.656269,0.386259,-0.514985,1.04674,0.86357,-0.493529,0.918529,3.26813,5.63,-0.195272
0.681488,0.303602,-0.453727,1.65489,1.70141,0.693099,-0.57072,0.232061,1.04674,0.86357,-0.493529,0.918529,3.26813,0.111813,-0.195272
0.681488,-2.47124,-0.152411,1.65489,1.70141,-0.656269,-0.57072,-0.638995,1.04674,0.86357,-0.493529,-1.08712,-0.316941,1.32466,-0.195272
0.681488,-0.844415,-0.95592,2.76567,1.70141,0.130863,1.34324,-0.664395,1.04674,0.86357,-0.493529,0.918529,1.47559,-1.03781,-0.195272
-1.49549,0.177727,-0.453727,1.65489,1.70141,-1.33095,-0.57072,0.0826515,1.04674,0.86357,-0.493529,-1.08712,-0.316941,-1.03781,-0.194888
0.681488,0.243851,-0.453727,-0.566656,-0.569329,-1.33095,-0.57072,-0.365576,1.04674,0.86357,-0.493529,0.918529,-0.316941,1.60632,-0.192201
-1.49549,-0.459618,1.55505,-0.566656,-0.569329,-1.10606,-0.57072,-0.365576,1.04674,0.86357,-0.493529,-1.08712,-0.316941,-0.00314896,0.00856307
0.681488,0.297229,-0.453727,-0.566656,-0.569329,-0.881164,0.386259,-0.514985,1.04674,0.86357,-0.493529,0.918529,-0.316941,0.962533,-0.195272
0.681488,-0.266821,-0.805262,-0.566656,-0.569329,0.468205,-0.0922306,-0.61509,1.04674,0.86357,-0.493529,-1.08712,-0.316941,0.226775,-0.147096
0.681488,1.29945,0.349783,-0.566656,-0.569329,-1.33095,-0.57072,-0.365576,1.04674,0.86357,-0.493529,-1.08712,-0.316941,-1.03781,-0.151511
-1.49549,0.303602,-0.704823,1.65489,1.70141,-0.656269,-0.0922306,-0.514985,1.04674,0.86357,-0.493529,-1.08712,-0.316941,-0.118111,-0.195272
-1.49549,0.177727,-0.353288,1.65489,1.70141,1.36778,-0.57072,-0.0667578,1.04674,0.86357,-0.493529,0.918529,-0.316941,-0.00314896,-0.195272
0.681488,-0.240531,-0.353288,-0.566656,-0.569329,0.693099,-0.57072,-0.440281,1.04674,0.86357,-0.493529,-1.08712,-0.316941,0.686624,-0.182412
-1.49549,0.642192,-0.152411,-0.566656,-0.569329,-1.33095,-0.57072,0.232061,1.04674,0.86357,-0.493529,0.918529,-0.316941,1.72128,-0.195272
0.681488,0.934574,-0.135336,-0.566656,-0.569329,1.36778,-0.57072,-0.652442,1.04674,0.86357,-0.493529,0.918529,-0.316941,-0.417013,-0.176078
0.681488,-0.326572,-0.503946,-0.566656,-0.569329,-0.656269,0.386259,-0.514985,1.04674,0.86357,-0.493529,-1.08712,-0.316941,2.64098,0.572468
0.681488,0.217561,-0.403507,-0.566656,-0.569329,-0.656269,0.386259,-0.664395,1.04674,0.86357,-0.493529,0.918529,-0.316941,-0.00314896,-0.195272
0.681488,0.629445,-0.604384,-0.566656,-0.569329,-0.206479,-0.57072,-0.514985,1.04674,0.86357,-0.493529,-1.08712,-0.316941,0.686624,-0.194888
0.681488,2.52794,0.450221,-0.566656,-0.569329,1.14289,1.82173,-0.664395,1.04674,0.86357,-0.493529,0.918529,-0.316941,-1.03781,-0.192968
-0.407,0.0980587,-0.654604,-0.566656,-0.569329,-1.33095,-0.57072,-0.58969,1.04674,0.86357,-0.493529,-1.08712,-0.316941,1.10049,-0.171856
0.681488,-0.340116,-0.0519719,1.65489,1.70141,-1.33095,0.386259,0.0826515,1.04674,0.86357,-0.493529,0.918529,-0.316941,0.111813,0.0369694
0.681488,2.57414,-0.847446,-0.566656,-0.569329,-1.33095,-0.57072,-0.489586,-0.953958,-1.15631,0.123382,-1.08712,-0.316941,-0.00314896,-0.195272
0.681488,-0.254074,-0.654604,-0.566656,-0.569329,0.693099,-0.57072,0.00794684,1.04674,-1.15631,-0.287892,-1.08712,-0.316941,-0.462998,-0.194696
-1.49549,-0.386323,-0.554165,-0.566656,-0.569329,-0.431374,0.864748,-0.664395,1.04674,0.86357,-0.493529,-1.08712,-0.316941,0.548669,-0.19508
0.681488,-0.704996,-0.838407,1.65489,1.70141,1.59268,2.77871,-0.664395,1.04674,0.86357,-0.493529,0.918529,-0.316941,-0.462998,-0.195272
0.681488,-0.678705,1.35417,1.65489,1.70141,0.0184153,-0.57072,-0.216167,1.04674,0.86357,-0.493529,-1.08712,-0.316941,-1.03781,0.572468
0.681488,-0.0214434,-0.637529,-0.566656,-0.569329,-1.10606,-0.57072,-0.489586,1.04674,0.86357,-0.493529,-1.08712,3.26813,-1.03781,-0.195272
0.681488,0.450192,-0.554165,-0.566656,-0.569329,-0.656269,-0.57072,-0.58969,1.04674,0.86357,-0.493529,-1.08712,-0.316941,0.232523,-0.195272
-1.49549,-1.19655,-0.922775,-0.566656,-0.569329,1.36778,-0.57072,-0.365576,1.04674,-1.15631,-0.0822548,-1.08712,-0.316941,0.801586,-0.19508
0.681488,0.808698,-0.687749,-0.566656,-0.569329,-1.10606,-0.57072,-0.61509,1.04674,0.86357,-0.493529,0.918529,-0.316941,-0.0721262,-0.195272
-1.49549,-0.917709,-0.922775,-0.566656,-0.569329,0.468205,-0.57072,-0.652442,1.04674,0.86357,-0.493529,-1.08712,-0.316941,1.14647,-0.195272
0.681488,0.111602,-0.353288,-0.566656,-0.569329,-1.10606,-0.57072,-0.61509,1.04674,0.86357,-0.493529,-1.08712,-0.316941,-0.348035,-0.195272
-1.49549,0.456565,-0.00978767,-0.566656,-0.569329,1.59268,2.77871,-0.664395,1.04674,0.86357,-0.493529,0.918529,-0.316941,-0.118111,-0.195272
-1.49549,-0.0612775,0.148905,-0.566656,-0.569329,-0.206479,-0.57072,0.979107,1.04674,0.86357,-0.493529,-1.08712,3.26813,-0.462998,-0.195272
0.681488,-0.632498,-0.453727,-0.566656,-0.569329,1.59268,2.77871,-0.638995,1.04674,0.86357,-0.493529,-1.08712,-0.316941,-0.462998,0.61239
0.681488,-0.333742,-0.847446,-0.566656,-0.569329,-0.206479,2.77871,-0.664395,1.04674,0.86357,-0.493529,0.918529,-0.316941,-0.462998,-0.195272
0.681488,-1.12325,-0.888626,1.65489,1.70141,-0.206479,-0.57072,-0.577737,1.04674,0.86357,-0.493529,0.918529,3.26813,0.111813,-0.195272
0.681488,-0.525742,-0.554165,-0.566656,-0.569329,1.14289,2.30022,-0.61509,1.04674,-1.15631,-0.0822548,0.918529,-0.316941,0.801586,0.0542436
0.681488,0.940947,-0.704823,-0.566656,-0.569329,0.0184153,-0.57072,3.48171,1.04674,-1.15631,-0.287892,-1.08712,-0.316941,0.985525,-0.173775
-1.49549,-0.658788,0.282489,-0.566656,-0.569329,1.36778,-0.57072,-0.61509,1.04674,0.86357,-0.493529,0.918529,-0.316941,0.226775,-0.00333688
0.681488,0.669279,-0.61242,1.65489,1.70141,0.0184153,-0.57072,-0.61509,1.04674,0.86357,-0.493529,0.918529,3.26813,1.26143,-0.195272
-1.49549,-0.592664,1.35417,1.65489,1.70141,-0.206479,-0.0922306,0.232061,1.04674,0.86357,-0.493529,-1.08712,-0.316941,-0.922846,-0.192201
0.681488,-0.764747,-0.805262,1.65489,1.70141,0.24331,1.34324,-0.440281,1.04674,0.86357,-0.493529,-1.08712,-0.316941,-0.279058,-0.194888
0.681488,0.15781,-0.453727,1.65489,1.70141,0.693099,-0.57072,1.42733,1.04674,0.86357,-0.493529,-1.08712,-0.316941,0.571662,-0.195272
0.681488,-0.373576,1.65549,-0.566656,-0.569329,1.14289,2.30022,-0.664395,1.04674,0.86357,-0.493529,-1.08712,-0.316941,-0.233073,0.0177759
-1.49549,1.11383,-0.0348973,-0.566656,-0.569329,-0.206479,-0.0922306,-0.365576,1.04674,0.86357,-0.493529,-1.08712,3.26813,0.341737,-0.195272
0.681488,-0.37995,-0.646569,-0.566656,-0.569329,0.693099,-0.57072,-0.627042,1.04674,0.86357,-0.493529,0.918529,-0.316941,-0.462998,-0.195272
-0.407,-0.226987,-0.838407,-0.566656,-0.569329,1.36778,-0.57072,-0.652442,1.04674,0.86357,-0.493529,0.918529,-0.316941,0.4567,-0.00256914
-1.49549,-0.811751,-0.855481,1.65489,1.70141,1.14289,2.30022,-0.365576,1.04674,0.86357,-0.493529,0.918529,-0.316941,0.4567,-0.195272
0.681488,-0.187153,1.9568,-0.566656,-0.569329,-1.10606,-0.57072,-0.627042,1.04674,0.86357,-0.493529,0.918529,-0.316941,-1.03781,-0.140378
0.681488,-0.824498,-0.788187,1.65489,1.70141,-1.33095,-0.57072,-0.0667578,1.04674,0.86357,-0.493529,-1.08712,3.26813,0.341737,-0.195272
0.681488,0.270938,-0.687749,-0.566656,-0.569329,-0.656269,0.386259,-0.627042,1.04674,0.86357,-0.493529,-1.08712,-0.316941,1.49136,0.668435
0.681488,0.204017,-0.9057,-0.566656,-0.569329,-0.656269,0.386259,0.530879,1.04674,0.86357,-0.493529,-1.08712,3.26813,1.3764,-0.195272
0.681488,0.968034,0.0484667,-0.566656,-0.569329,-0.656269,0.386259,0.00794684,1.04674,0.86357,-0.493529,-1.08712,-0.316941,-0.227325,-0.195272
-1.49549,-0.665162,0.450221,-0.566656,-0.569329,-1.33095,-0.57072,-0.61509,1.04674,0.86357,-0.493529,0.918529,-0.316941,-0.118111,-0.195272
-1.49549,-0.532912,-0.453727,1.65489,1.70141,-0.656269,0.386259,0.680288,1.04674,0.86357,-0.493529,0.918529,-0.316941,0.111813,-0.107749
-1.49549,2.0563,-0.102191,1.65489,1.70141,1.59268,2.77871,0.829698,1.04674,0.86357,-0.493529,-1.08712,-0.316941,-1.03781,-0.194504
0.681488,-0.712166,1.34613,-0.566656,-0.569329,-0.206479,-0.57072,-0.190767,1.04674,0.86357,-0.493529,-1.08712,-0.316941,-0.462998,0.0373533
0.681488,0.237478,0.148905,1.65489,1.70141,-1.33095,-0.57072,-0.216167,1.04674,0.86357,-0.493529,-1.08712,-0.316941,-0.692922,-0.195272
0.681488,-0.672332,-0.654604,1.65489,1.70141,1.36778,-0.57072,-0.503033,1.04674,0.86357,-0.493529,-1.08712,-0.316941,-0.348035,-0.182412
0.681488,-0.784664,-0.95592,-0.566656,-0.569329,-1.33095,-0.57072,-0.514985,1.04674,0.86357,-0.493529,-1.08712,3.26813,-1.03781,-0.195272
0.681488,-0.346489,1.97388,-0.566656,-0.569329,-0.656269,0.386259,-0.664395,1.04674,0.86357,-0.493529,-1.08712,-0.316941,-0.0146452,-0.195272
0.681488,-0.645244,-0.921771,-0.566656,-0.569329,0.0184153,-0.57072,-0.638995,1.04674,0.86357,-0.493529,0.918529,3.26813,-1.03781,-0.195272
0.681488,-1.26267,0.450221,-0.566656,-0.569329,1.14289,-0.57072,-0.365576,1.04674,0.86357,-0.493529,0.918529,-0.316941,2.41106,-0.195272
0.681488,0.709113,0.0484667,-0.566656,-0.569329,-0.656269,0.386259,-0.601643,1.04674,0.86357,-0.493529,0.918529,-0.316941,2.12365,-0.195272
0.681488,-0.286738,1.55505,-0.566656,-0.569329,1.36778,0.386259,-0.58969,1.04674,0.86357,-0.493529,-1.08712,-0.316941,3.10083,-0.195272
0.681488,-0.499452,-0.847446,-0.566656,-0.569329,0.0184153,-0.57072,-0.365576,1.04674,0.86357,-0.493529,-1.08712,-0.316941,-0.348035,-0.19508
0.681488,0.808698,-0.704823,1.65489,1.70141,0.693099,-0.57072,-0.58969,1.04674,0.86357,-0.493529,0.918529,-0.316941,-1.03781,-0.157844
-1.49549,0.164183,-0.629494,-0.566656,-0.569329,-1.10606,-0.57072,-0.503033,1.04674,0.86357,-0.493529,-1.08712,-0.316941,-1.03781,-0.195272
0.681488,-0.094738,-0.54613,1.65489,1.70141,0.917994,-0.0922306,-0.652442,1.04674,0.86357,-0.493529,0.918529,-0.316941,-0.302051,-0.19508
-1.49549,-0.592664,-0.838407,1.65489,1.70141,1.59268,2.77871,-0.627042,1.04674,0.86357,-0.493529,0.918529,-0.316941,-0.348035,-0.178573
0.681488,-0.386323,1.55505,1.65489,1.70141,-0.206479,-0.0922306,-0.290872,1.04674,0.86357,-0.493529,-1.08712,-0.316941,-1.03781,-0.192009
0.681488,-0.00152639,-0.537091,-0.566656,-0.569329,-1.33095,-0.57072,-0.638995,1.04674,0.86357,-0.493529,0.918529,-0.316941,0.686624,-0.195272
0.681488,-0.818124,0.0655413,1.65489,1.70141,-0.431374,-0.57072,-0.577737,1.04674,0.86357,-0.493529,0.918529,-0.316941,-0.233073,-0.159956
0.681488,-0.167236,-0.880591,-0.566656,-0.569329,-1.33095,-0.57072,-0.577737,1.04674,0.86357,-0.493529,0.918529,-0.316941,0.226775,-0.168401
-1.49549,1.66513,0.349783,-0.566656,-0.569329,-0.656269,0.386259,0.25746,1.04674,0.86357,-0.493529,-1.08712,-0.316941,-0.618196,-0.195272
-1.49549,-0.665162,-0.888626,-0.566656,-0.569329,0.468205,-0.57072,-0.440281,1.04674,0.86357,-0.493529,0.918529,3.26813,-0.118111,-0.195272
0.681488,0.237478,0.0655413,1.65489,1.70141,-0.656269,0.386259,-0.340177,1.04674,0.86357,-0.493529,-1.08712,-0.316941,1.72128,-0.195272
-1.49549,3.06569,0.249344,-0.566656,-0.569329,1.59268,2.77871,-0.664395,1.04674,0.86357,-0.493529,0.918529,3.26813,-1.03781,-0.195272
-1.49549,0.741777,0.676208,1.65489,1.70141,-0.206479,-0.57072,-0.61509,1.04674,-1.15631,-0.0822548,0.918529,-0.316941,-1.03781,-0.191817
-1.49549,-0.911336,-0.822336,1.65489,1.70141,-1.33095,-0.57072,-0.365576,1.04674,-1.15631,-0.287892,0.918529,-0.316941,10.4584,-0.194888
0.681488,-1.19655,-0.328178,-0.566656,-0.569329,0.693099,-0.57072,-0.638995,1.04674,-1.15631,-0.287892,0.918529,-0.316941,-1.03781,-0.19412
0.681488,-1.11051,-0.9057,-0.566656,-0.569329,0.468205,-0.57072,-0.564291,1.04674,-1.15631,0.329019,0.918529,-0.316941,-0.118111,-0.193736
0.681488,0.0183906,-0.386433,-0.566656,-0.569329,1.59268,2.77871,-0.664395,1.04674,-1.15631,0.534656,0.918529,-0.316941,-0.0261414,-0.167249
0.681488,-0.465991,-0.353288,-0.566656,-0.569329,-1.33095,-0.57072,-0.290872,1.04674,-1.15631,-0.287892,0.918529,-0.316941,-1.03781,-0.191049
-1.49549,-0.665162,-0.797227,-0.566656,-0.569329,-0.656269,-0.57072,-0.638995,1.04674,0.86357,-0.493529,0.918529,-0.316941,-0.210081,-0.195272
0.681488,0.761694,-0.654604,-0.566656,-0.569329,-0.656269,0.386259,-0.664395,1.04674,0.86357,-0.493529,0.918529,3.26813,0.686624,-0.195272
0.681488,-0.698622,-0.863516,-0.566656,-0.569329,-0.206479,-0.57072,-0.627042,1.04674,0.86357,-0.493529,-1.08712,-0.316941,0.571662,-0.184715
-1.49549,-0.698622,-0.704823,1.65489,1.70141,1.59268,2.77871,0.306765,1.04674,0.86357,-0.493529,0.918529,-0.316941,0.571662,-0.195272
0.681488,-0.678705,-0.93081,1.65489,1.70141,-0.206479,-0.57072,-0.627042,1.04674,0.86357,-0.493529,0.918529,-0.316941,0.111813,-0.181836
0.681488,-0.592664,-0.596349,-0.566656,-0.569329,-1.33095,-0.57072,-0.503033,1.04674,0.86357,-0.493529,-1.08712,-0.316941,-0.256066,-0.19508
0.681488,0.589611,-0.814301,-0.566656,-0.569329,-1.33095,-0.57072,-0.552338,1.04674,-1.15631,-0.0822548,0.918529,-0.316941,0.255516,-0.0993043
-1.49549,-0.353659,-0.445691,1.65489,1.70141,1.59268,2.77871,-0.664395,1.04674,0.86357,-0.493529,-1.08712,-0.316941,-0.00314896,-0.183756
0.681488,0.317146,-0.453727,-0.566656,-0.569329,-0.656269,-0.57072,-0.365576,1.04674,0.86357,-0.493529,-1.08712,-0.316941,0.169294,-0.195272
0.681488,-0.844415,-0.737968,-0.566656,-0.569329,0.468205,-0.57072,-0.216167,1.04674,0.86357,-0.493529,0.918529,-0.316941,-0.417013,-0.193928
0.681488,-0.127402,-0.704823,-0.566656,-0.569329,0.693099,-0.57072,-0.141462,1.04674,0.86357,-0.493529,0.918529,-0.316941,0.111813,-0.195272
0.681488,-0.386323,-0.788187,-0.566656,-0.569329,-0.881164,-0.57072,-0.316271,1.04674,0.86357,-0.493529,0.918529,-0.316941,-0.462998,-0.195272
0.681488,0.211187,-0.52102,-0.566656,-0.569329,-1.33095,-0.57072,-0.216167,1.04674,0.86357,-0.493529,0.918529,1.47559,-0.348035,-0.195272
0.681488,-0.512995,-0.704823,-0.566656,-0.569329,-1.33095,-0.57072,-0.58969,1.04674,0.86357,-0.493529,0.918529,-0.316941,-0.405516,-0.195272
-1.49549,-0.266821,-0.54613,-0.566656,-0.569329,0.693099,-0.57072,-0.58969,1.04674,0.86357,-0.493529,-1.08712,-0.316941,-0.00314896,-0.185675
0.681488,0.516316,-0.788187,-0.566656,-0.569329,1.14289,-0.57072,-0.652442,1.04674,0.86357,-0.493529,0.918529,-0.316941,-0.348035,-0.194312
0.681488,1.44604,-0.495911,-0.566656,-0.569329,1.59268,2.77871,-0.577737,1.04674,0.86357,-0.493529,0.918529,-0.316941,0.111813,-0.194696
0.681488,0.204017,-0.888626,1.65489,1.70141,-0.881164,-0.57072,-0.638995,1.04674,0.86357,-0.493529,0.918529,-0.316941,-0.00314896,-0.195272
0.681488,1.65796,-0.353288,1.65489,1.70141,1.59268,2.77871,-0.216167,1.04674,0.86357,-0.493529,0.918529,-0.316941,-0.00314896,-0.194504
0.681488,-0.645244,-0.320143,1.65489,1.70141,-1.33095,-0.57072,-0.61509,1.04674,0.86357,-0.493529,0.918529,-0.316941,-0.118111,0.00779533
0.681488,-0.732083,-0.646569,-0.566656,-0.569329,-0.206479,-0.57072,-0.638995,1.04674,0.86357,-0.493529,-1.08712,-0.316941,1.00852,-0.195272
0.681488,-0.459618,-0.755042,-0.566656,-0.569329,1.36778,-0.57072,-0.514985,1.04674,0.86357,-0.493529,0.918529,-0.316941,0.111813,-0.195272
0.681488,2.19572,-0.411542,-0.566656,-0.569329,-1.33095,-0.57072,0.0572519,1.04674,0.86357,-0.493529,-1.08712,-0.316941,0.801586,-0.195272
0.681488,-0.957543,-0.95592,1.65489,1.70141,1.59268,2.77871,-0.664395,1.04674,-1.15631,0.329019,0.918529,-0.316941,-0.779143,-0.19508
0.681488,-0.911336,-0.838407,-0.566656,-0.569329,1.59268,2.77871,-0.664395,1.04674,-1.15631,0.123382,0.918529,-0.316941,0.974029,-0.0476738
-1.49549,1.77746,-0.922775,-0.566656,-0.569329,1.59268,2.77871,-0.664395,1.04674,0.86357,-0.493529,-1.08712,3.26813,-0.681426,-0.190089
-1.49549,-0.306655,-0.704823,-0.566656,-0.569329,1.59268,2.77871,-0.664395,1.04674,-1.15631,-0.287892,0.918529,-0.316941,-0.508982,-0.137691
0.681488,-0.40624,-0.780152,-0.566656,-0.569329,-0.206479,-0.57072,-0.552338,1.04674,-1.15631,-0.0822548,-1.08712,-0.316941,-0.0376376,-0.194696
0.681488,-0.632498,-0.95592,-0.566656,-0.569329,-0.206479,-0.57072,-0.365576,1.04674,-1.15631,1.76848,0.918529,3.26813,-1.03781,-0.195272
0.681488,0.682026,0.0484667,-0.566656,-0.569329,1.59268,2.77871,-0.664395,1.04674,-1.15631,-0.0822548,0.918529,-0.316941,-0.94009,-0.19508
0.681488,-0.034987,-0.411542,1.65489,1.70141,0.0184153,-0.57072,-0.627042,1.04674,0.86357,-0.493529,-1.08712,3.26813,-0.57796,-0.195272
0.681488,-1.09696,-0.353288,-0.566656,-0.569329,-0.206479,-0.57072,-0.652442,1.04674,0.86357,-0.493529,-1.08712,-0.316941,-0.118111,-0.187594
-1.49549,-1.0635,-0.95592,1.65489,1.70141,-0.431374,2.77871,-0.664395,1.04674,0.86357,-0.493529,0.918529,-0.316941,-0.543471,-0.195272
-1.49549,-2.47124,1.30395,-0.566656,-0.569329,1.59268,2.77871,-0.664395,1.04674,0.86357,-0.493529,0.918529,-0.316941,-1.03781,0.802789
0.681488,-1.15671,-0.93081,-0.566656,-0.569329,-1.33095,-0.57072,-0.61509,1.04674,0.86357,-0.493529,0.918529,-0.316941,-0.279058,-0.195272
-1.49549,-0.293908,-0.621459,-0.566656,-0.569329,1.59268,2.77871,-0.664395,1.04674,0.86357,-0.493529,0.918529,-0.316941,0.916548,-0.19508
0.681488,0.0183906,-0.729933,-0.566656,-0.569329,1.59268,2.77871,-0.664395,1.04674,-1.15631,-0.287892,0.918529,-0.316941,-0.48599,-0.191625
0.681488,-0.877875,0.450221,-0.566656,-0.569329,-1.33095,-0.57072,-0.514985,1.04674,0.86357,-0.493529,0.918529,-0.316941,-1.03781,-0.195272
0.681488,-2.47124,-0.353288,1.65489,1.70141,-0.656269,0.386259,1.42733,1.04674,0.86357,-0.493529,0.918529,-0.316941,-1.03781,-0.19508
0.681488,0.675652,-0.629494,-0.566656,-0.569329,-1.33095,-0.57072,-0.216167,1.04674,0.86357,-0.493529,0.918529,-0.316941,-1.03781,-0.13462
0.681488,0.436648,-0.102191,-0.566656,-0.569329,0.468205,-0.57072,0.38147,1.04674,0.86357,-0.493529,0.918529,-0.316941,1.57183,-0.185675
-0.407,-0.101111,-0.822336,-0.566656,-0.569329,0.693099,-0.57072,-0.58969,1.04674,0.86357,-0.493529,-1.08712,-0.316941,0.686624,-0.195272
0.681488,1.70496,-0.654604,-0.566656,-0.569329,-1.10606,-0.57072,0.456175,1.04674,0.86357,-0.493529,-1.08712,-0.316941,-1.03781,-0.128095
0.681488,0.410358,2.68498,-0.566656,-0.569329,0.693099,-0.57072,-0.638995,1.04674,0.86357,-0.493529,0.918529,-0.316941,0.801586,0.486481
0.681488,0.283685,-0.95592,2.76567,1.70141,0.130863,1.34324,-0.664395,1.04674,0.86357,-0.493529,0.918529,1.47559,-1.03781,-0.195272
0.681488,-0.107485,-0.805262,1.65489,1.70141,-1.33095,-0.57072,-0.652442,1.04674,0.86357,-0.493529,0.918529,-0.316941,0.341737,-0.195272
0.681488,0.410358,0.148905,-0.566656,-0.569329,-0.656269,0.386259,0.829698,1.04674,0.86357,-0.493529,0.918529,-0.316941,0.169294,-0.0634125
0.681488,-0.426157,-0.897665,1.65489,1.70141,-1.33095,-0.57072,-0.216167,1.04674,0.86357,-0.493529,-1.08712,-0.316941,-0.118111,-0.195272
-1.49549,-0.519369,-0.470801,1.65489,1.70141,-1.33095,-0.57072,-0.664395,1.04674,0.86357,-0.493529,0.918529,-0.316941,-0.348035,-0.195272
0.681488,-0.55283,-0.780152,-0.566656,-0.569329,0.0184153,-0.57072,-0.638995,1.04674,-1.15631,0.329019,0.918529,-0.316941,0.422211,0.179001
0.681488,-0.724913,-0.855481,-0.566656,-0.569329,-1.33095,-0.57072,-0.627042,1.04674,0.86357,-0.493529,0.918529,-0.316941,1.03151,-0.195272
-1.49549,0.443021,-0.897665,-0.566656,-0.569329,1.59268,2.77871,-0.664395,1.04674,-1.15631,1.56284,0.918529,-0.316941,0.111813,-0.191817
-1.49549,-0.638871,-0.58731,-0.566656,-0.569329,-0.431374,0.864748,-0.664395,1.04674,-1.15631,-0.287892,0.918529,-0.316941,0.111813,-0.185099
-1.49549,-0.273991,-0.353288,-0.566656,-0.569329,0.0184153,-0.57072,0.169309,1.04674,-1.15631,-0.287892,-1.08712,-0.316941,0.571662,-0.193352
0.681488,0.00484705,-0.336213,-0.566656,-0.569329,-1.33095,-0.57072,0.0826515,1.04674,-1.15631,-0.0822548,-1.08712,-0.316941,-0.118111,-0.187402
-1.49549,-0.0477339,-0.679713,-0.566656,-0.569329,0.693099,-0.0922306,-0.652442,1.04674,-1.15631,0.123382,0.918529,-0.316941,-1.03781,-0.188938
0.681488,-0.712166,-0.486871,-0.566656,-0.569329,-0.206479,-0.57072,-0.440281,1.04674,0.86357,-0.493529,0.918529,-0.316941,-0.00314896,-0.195272
0.681488,-1.17026,-0.135336,-0.566656,-0.569329,-0.656269,-0.0922306,-0.540385,1.04674,0.86357,-0.493529,-1.08712,-0.316941,-0.348035,-0.195272
-1.49549,-0.724913,1.38731,-0.566656,-0.569329,-0.206479,-0.0922306,-0.638995,1.04674,0.86357,-0.493529,0.918529,-0.316941,0.801586,-0.194312
0.681488,-0.791834,-0.127301,1.65489,1.70141,-0.656269,-0.0922306,-0.652442,1.04674,0.86357,-0.493529,0.918529,-0.316941,-0.233073,-0.176078
0.681488,-1.08342,0.349783,-0.566656,-0.569329,-0.656269,-0.57072,-0.627042,1.04674,0.86357,-0.493529,0.918529,-0.316941,-0.692922,-0.176078
0.681488,-0.944,-0.152411,1.65489,1.70141,-0.656269,-0.57072,-0.365576,1.04674,0.86357,-0.493529,-1.08712,-0.316941,1.03151,-0.00333688
0.681488,-0.824498,-0.872556,-0.566656,-0.569329,-1.33095,-0.57072,-0.627042,1.04674,0.86357,-0.493529,0.918529,-0.316941,-1.03781,-0.186827
0.681488,-0.340116,-0.554165,-0.566656,-0.569329,-1.10606,-0.57072,-0.440281,1.04674,0.86357,-0.493529,-1.08712,-0.316941,-0.57796,-0.195272
0.681488,-0.592664,-0.788187,-0.566656,-0.569329,-0.656269,-0.0922306,-0.638995,1.04674,0.86357,-0.493529,-1.08712,-0.316941,0.226775,-0.194312
0.681488,0.649362,-0.453727,1.65489,1.70141,-0.656269,-0.0922306,2.32379,1.04674,0.86357,-0.493529,-1.08712,3.26813,0.111813,-0.195272
0.681488,-0.658788,1.35417,-0.566656,-0.569329,-0.656269,-0.57072,-0.540385,1.04674,0.86357,-0.493529,0.918529,-0.316941,-1.03781,-0.195272
-0.407,-0.360033,-0.411542,1.65489,1.70141,0.130863,1.34324,-0.638995,1.04674,0.86357,-0.493529,0.918529,3.26813,-0.57796,-0.195272
-1.49549,-1.12325,-0.855481,-0.566656,-0.569329,-0.656269,-0.57072,-0.61509,1.04674,-1.15631,0.740293,-1.08712,-0.316941,0.341737,-0.188554
0.681488,-0.599037,-0.320143,1.65489,1.70141,-0.206479,-0.57072,-0.540385,1.04674,-1.15631,-0.287892,-1.08712,-0.316941,0.571662,-0.179917
-1.49549,-1.09059,0.952415,-0.566656,-0.569329,1.36778,-0.57072,-0.141462,1.04674,-1.15631,1.56284,-1.08712,-0.316941,-1.03781,-0.193352
0.681488,-0.57912,-0.872556,1.65489,1.70141,-1.33095,-0.57072,-0.652442,1.04674,-1.15631,-0.0822548,0.918529,-0.316941,-0.302051,-0.19412
0.681488,0.290855,-0.738972,-0.566656,-0.569329,0.0184153,-0.57072,-0.316271,1.04674,0.86357,-0.493529,0.918529,3.26813,-0.876861,-0.195272
0.681488,3.49033,2.86075,1.65489,1.70141,1.59268,2.77871,-0.652442,1.04674,-1.15631,-0.0822548,0.918529,-0.316941,-1.03781,-0.127903
0.681488,-0.226987,-0.93081,1.65489,1.70141,-0.206479,-0.57072,-0.638995,1.04674,0.86357,-0.493529,0.918529,-0.316941,0.203783,0.207791
0.681488,-0.519369,1.72278,1.65489,1.70141,1.36778,-0.57072,-0.652442,1.04674,0.86357,-0.493529,-1.08712,-0.316941,-0.348035,-0.104103
0.681488,-0.971087,-0.244814,1.65489,1.70141,1.59268,2.77871,-0.664395,1.04674,0.86357,-0.493529,-1.08712,-0.316941,-0.00314896,-0.19508
-0.407,1.14012,-0.755042,-0.566656,-0.569329,0.468205,-0.57072,-0.627042,1.04674,0.86357,-0.493529,-1.08712,-0.316941,0.473944,-0.195272
-1.49549,1.29308,-0.805262,-0.566656,-0.569329,0.468205,-0.0922306,0.157356,-0.953958,-1.15631,-0.287892,0.918529,-0.316941,0.876311,-0.0240658
0.681488,-0.545659,-0.780152,-0.566656,-0.569329,0.468205,-0.57072,0.717641,-0.953958,-1.15631,-0.0822548,-1.08712,-0.316941,1.95121,0.188598
0.681488,0.655735,0.952415,-0.566656,-0.569329,0.0184153,-0.57072,1.27793,-0.953958,-1.15631,2.38539,0.918529,-0.316941,0.341737,0.688972
-1.49549,-0.838041,1.42146,-0.566656,-0.569329,-1.33095,-0.0922306,1.12852,-0.953958,0.86357,-0.493529,0.918529,-0.316941,0.916548,-0.195272
-1.49549,-0.971087,-0.0690465,1.65489,1.70141,-1.33095,-0.0922306,0.232061,-0.953958,0.86357,-0.493529,0.918529,-0.316941,0.341737,-0.195272
0.681488,-0.944,0.952415,-0.566656,-0.569329,0.693099,-0.57072,-0.216167,-0.953958,0.86357,-0.493529,0.918529,-0.316941,-0.348035,0.228136
-1.49549,-0.479535,-0.780152,-0.566656,-0.569329,0.917994,-0.0922306,-0.353624,-0.953958,0.86357,-0.493529,-1.08712,-0.316941,-0.118111,0.929466
0.681488,-0.864332,0.902195,-0.566656,-0.569329,-1.33095,-0.57072,-0.166862,-0.953958,-1.15631,0.123382,-1.08712,-0.316941,-0.807884,-0.189898
0.681488,-0.419784,-0.855481,-0.566656,-0.569329,-1.33095,-0.57072,-0.22812,-0.953958,-1.15631,0.534656,-1.08712,-0.316941,0.755601,-0.195272
0.681488,-0.844415,0.450221,-0.566656,-0.569329,-1.33095,-0.57072,-0.178815,-0.953958,-1.15631,0.123382,0.918529,-0.316941,0.111813,0.0717096
0.681488,-2.47124,-0.152411,-0.566656,-0.569329,0.917994,-0.57072,0.829698,-0.953958,-1.15631,0.123382,-1.08712,-0.316941,0.629143,0.242148
0.681488,0.635818,0.0484667,-0.566656,-0.569329,-0.881164,-0.57072,0.38147,-0.953958,-1.15631,1.56284,-1.08712,-0.316941,-1.03781,-0.195272
-1.49549,2.63389,-0.922775,-0.566656,-0.569329,1.59268,2.77871,-0.664395,-0.953958,-1.15631,-0.287892,0.918529,-0.316941,0.295753,-0.176078
0.681488,-0.220614,0.0735764,-0.566656,-0.569329,0.917994,-0.57072,0.754993,-0.953958,-1.15631,-0.0822548,0.918529,-0.316941,1.3764,-0.193928
-1.49549,-0.18078,-0.20263,-0.566656,-0.569329,-1.33095,-0.57072,-0.340177,-0.953958,-1.15631,-0.287892,-1.08712,-0.316941,1.09474,-0.195272
0.681488,0.0247641,2.96119,-0.566656,-0.569329,-1.33095,-0.57072,1.42733,-0.953958,-1.15631,2.79666,0.918529,-0.316941,-1.03781,0.764402
-1.49549,-0.963917,0.851976,-0.566656,-0.569329,1.36778,-0.57072,-0.440281,-0.953958,-1.15631,-0.0822548,0.918529,-0.316941,-0.531975,-0.0818382
-1.49549,-0.499452,-0.353288,-0.566656,-0.569329,0.468205,-0.0922306,-0.116063,-0.953958,-1.15631,3.41357,0.918529,-0.316941,-1.03781,-0.0993043
-1.49549,-0.0278169,1.45461,-0.566656,-0.569329,-1.33095,-0.57072,-0.0667578,-0.953958,-1.15631,-0.287892,0.918529,-0.316941,0.226775,-0.191625
0.681488,-0.798207,0.00628251,1.65489,1.70141,0.693099,-0.57072,0.00794684,-0.953958,-1.15631,-0.287892,-1.08712,-0.316941,-0.57796,-0.137691
0.681488,-1.3758,-0.152411,1.65489,1.70141,0.693099,-0.57072,-0.141462,-0.953958,-1.15631,-0.0822548,-1.08712,-0.316941,-0.348035,-0.00333688
-1.49549,1.19349,-0.152411,-0.566656,-0.569329,-0.431374,0.864748,-0.664395,-0.953958,0.86357,-0.493529,0.918529,-0.316941,-0.462998,-0.0110143
-1.49549,1.06045,-0.95592,-0.566656,-0.569329,-1.33095,-0.57072,0.0826515,-0.953958,0.86357,-0.493529,0.918529,-0.316941,-1.03781,-0.195272
0.681488,-0.857958,1.04482,-0.566656,-0.569329,1.14289,2.30022,-0.664395,-0.953958,0.86357,-0.493529,0.918529,-0.316941,-1.03781,-0.195272
0.681488,-0.665162,-0.445691,1.65489,1.70141,-1.33095,-0.0922306,0.108051,-0.953958,0.86357,-0.493529,0.918529,-0.316941,-1.03781,-0.195272
0.681488,-2.47124,1.15329,-0.566656,-0.569329,0.917994,-0.57072,1.27793,-0.953958,0.86357,-0.493529,0.918529,-0.316941,-1.03781,-0.195272
-1.49549,2.38214,0.0484667,-0.566656,-0.569329,1.36778,-0.57072,0.530879,-0.953958,-1.15631,0.329019,0.918529,-0.316941,-1.03781,-0.17627
0.681488,-1.19017,-0.805262,-0.566656,-0.569329,-1.33095,-0.57072,-0.141462,-0.953958,-1.15631,0.534656,-1.08712,-0.316941,0.985525,-0.0628367
-1.49549,-0.226987,-0.880591,-0.566656,-0.569329,0.468205,-0.57072,-0.489586,-0.953958,-1.15631,0.329019,0.918529,-0.316941,-0.57796,-0.195272
0.681488,0.649362,-0.61242,-0.566656,-0.569329,0.917994,-0.57072,-0.627042,-0.953958,-1.15631,0.534656,-1.08712,-0.316941,1.72128,-0.195272
-0.407,-0.844415,0.55066,-0.566656,-0.569329,-0.206479,-0.57072,-0.216167,-0.953958,-1.15631,-0.287892,0.918529,-0.316941,-0.118111,-0.150359
-1.49549,-0.0811945,0.106721,-0.566656,-0.569329,1.14289,2.30022,0.00794684,-0.953958,-1.15631,0.534656,-1.08712,-0.316941,-0.468746,-0.0993043
0.681488,-0.652415,-0.353288,-0.566656,-0.569329,0.0184153,-0.57072,-0.278919,-0.953958,-1.15631,-0.287892,0.918529,-0.316941,0.4567,-0.0417238
-1.49549,-0.678705,0.751537,-0.566656,-0.569329,0.468205,-0.57072,-0.141462,-0.953958,-1.15631,1.56284,0.918529,-0.316941,-0.57796,-0.00525623
-1.49549,-0.194323,-0.621459,-0.566656,-0.569329,0.468205,-0.57072,0.0572519,-0.953958,0.86357,-0.493529,-1.08712,-0.316941,1.49136,-0.195272
0.681488,1.12737,-0.654604,-0.566656,-0.569329,-1.33095,-0.57072,0.0826515,-0.953958,0.86357,-0.493529,-1.08712,-0.316941,-0.233073,-0.195272
0.681488,0.841362,-0.604384,-0.566656,-0.569329,-0.206479,-0.57072,-0.601643,-0.953958,0.86357,-0.493529,0.918529,-0.316941,-0.118111,-0.195272
-1.49549,2.07622,-0.888626,-0.566656,-0.569329,-0.656269,0.386259,-0.365576,-0.953958,0.86357,-0.493529,-1.08712,-0.316941,0.410715,0.226409
-1.49549,1.97026,0.466292,-0.566656,-0.569329,-0.206479,-0.0922306,1.35263,-0.953958,-1.15631,0.123382,-1.08712,-0.316941,-0.462998,-0.185675
0.681488,0.974408,4.1082,-0.566656,-0.569329,0.468205,-0.0922306,-0.601643,-0.953958,-1.15631,-0.287892,0.918529,-0.316941,3.33075,-0.177998
-1.49549,-0.453244,-0.537091,-0.566656,-0.569329,-1.33095,-0.0922306,0.157356,-0.953958,0.86357,-0.493529,-1.08712,-0.316941,1.03151,-0.19508
-1.49549,-0.512995,-0.821332,-0.566656,-0.569329,1.36778,-0.0922306,-0.141462,-0.953958,0.86357,-0.493529,0.918529,-0.316941,1.26143,-0.195272
0.681488,0.968034,-0.503946,-0.566656,-0.569329,-0.656269,0.386259,-0.440281,-0.953958,0.86357,-0.493529,0.918529,-0.316941,2.18113,-0.195272
0.681488,0.788781,-0.788187,-0.566656,-0.569329,1.59268,2.77871,-0.664395,-0.953958,0.86357,-0.493529,0.918529,-0.316941,-0.290554,-0.19508
0.681488,0.0645981,-0.453727,-0.566656,-0.569329,1.36778,-0.57072,1.57674,-0.953958,0.86357,-0.493529,-1.08712,-0.316941,1.96845,-0.195272
-1.49549,0.231104,-0.637529,1.65489,1.70141,1.59268,2.77871,-0.664395,-0.953958,0.86357,-0.493529,0.918529,-0.316941,0.801586,-0.195272
-1.49549,-0.485908,-0.704823,-0.566656,-0.569329,1.59268,2.77871,-0.664395,-0.953958,0.86357,-0.493529,0.918529,-0.316941,-0.57796,-0.195272
0.681488,0.337063,-0.320143,-0.566656,-0.569329,0.917994,-0.0922306,0.456175,-0.953958,0.86357,-0.493529,-1.08712,-0.316941,2.8709,-0.195272
0.681488,0.257395,-0.604384,-0.566656,-0.569329,0.693099,0.386259,-0.58969,-0.953958,0.86357,-0.493529,-1.08712,-0.316941,-0.100867,-0.195272
0.681488,3.92213,0.148905,-0.566656,-0.569329,0.130863,1.34324,-0.503033,-0.953958,0.86357,-0.493529,0.918529,-0.316941,-1.03781,-0.130014
0.681488,-0.924083,-0.654604,1.65489,1.70141,-0.881164,-0.57072,-0.0667578,-0.953958,0.86357,-0.493529,-1.08712,-0.316941,-0.462998,-0.191433
0.681488,0.934574,-0.353288,-0.566656,-0.569329,-0.656269,0.386259,-0.365576,-0.953958,0.86357,-0.493529,0.918529,-0.316941,-1.03781,-0.156885
0.681488,-0.904166,1.05285,1.65489,1.70141,-0.206479,-0.0922306,-0.414881,-0.953958,0.86357,-0.493529,-1.08712,-0.316941,-0.233073,-0.195272
0.681488,0.423104,-0.194595,-0.566656,-0.569329,0.693099,-0.57072,-0.316271,-0.953958,0.86357,-0.493529,-1.08712,-0.316941,0.111813,-0.195272
0.681488,-0.074821,-0.747007,1.65489,1.70141,-0.656269,0.386259,-0.514985,-0.953958,-1.15631,1.56284,-1.08712,-0.316941,-0.279058,-0.189898
0.681488,1.05408,1.25373,1.65489,1.70141,-1.10606,-0.57072,-0.216167,-0.953958,0.86357,-0.493529,0.918529,3.26813,-1.03781,-0.195272
0.681488,-0.592664,-0.863516,1.65489,1.70141,0.693099,-0.57072,0.120004,-0.953958,-1.15631,0.740293,-1.08712,-0.316941,0.157798,-0.12867
0.681488,-0.565576,-0.654604,-0.566656,-0.569329,-1.10606,-0.0922306,-0.10411,-0.953958,-1.15631,0.740293,0.918529,-0.316941,0.111813,-0.132509
0.681488,0.171353,-0.755042,-0.566656,-0.569329,0.917994,-0.57072,-0.440281,-0.953958,-1.15631,0.94593,-1.08712,-0.316941,0.916548,0.586095
0.681488,1.37912,1.45461,-0.566656,-0.569329,0.0184153,-0.57072,4.1167,-0.953958,0.86357,-0.493529,0.918529,3.26813,-0.405516,-0.195272
0.681488,3.64329,3.52164,-0.566656,-0.569329,1.14289,1.82173,3.14554,-0.953958,-1.15631,-0.287892,-1.08712,-0.316941,-1.03781,-0.174351
0.681488,1.61813,1.05285,-0.566656,-0.569329,-0.656269,0.386259,-0.664395,-0.953958,-1.15631,1.76848,0.918529,-0.316941,-1.03781,0.0444549
0.681488,0.297229,2.05724,-0.566656,-0.569329,0.24331,1.34324,0.941755,-0.953958,-1.15631,1.3572,-1.08712,-0.316941,-1.03781,-0.169552
0.681488,0.602358,-0.285994,-0.566656,-0.569329,0.693099,-0.57072,0.530879,-0.953958,-1.15631,2.38539,0.918529,-0.316941,1.16372,0.0626887
-1.49549,-0.685079,1.30395,1.65489,1.70141,0.917994,-0.0922306,-0.440281,-0.953958,-1.15631,0.329019,0.918529,-0.316941,-1.03781,-0.133661
0.681488,0.868449,-0.871551,-0.566656,-0.569329,-1.33095,-0.0922306,-0.601643,-0.953958,-1.15631,0.740293,0.918529,-0.316941,0.226775,-0.0133175
0.681488,-0.114655,-0.0519719,-0.566656,-0.569329,0.693099,-0.57072,1.57674,-0.953958,-1.15631,-0.0822548,-1.08712,-0.316941,0.859067,-0.195272
-1.49549,0.0916853,-0.662639,-0.566656,-0.569329,0.693099,-0.57072,-0.340177,-0.953958,-1.15631,2.79666,0.918529,-0.316941,-0.348035,0.203761
0.681488,1.6253,-0.947885,-0.566656,-0.569329,0.917994,-0.0922306,-0.652442,-0.953958,0.86357,-0.493529,0.918529,-0.316941,-1.03781,0.380533
-1.49549,-0.652415,-0.495911,-0.566656,-0.569329,0.468205,-0.0922306,0.0198996,-0.953958,-1.15631,0.94593,-1.08712,-0.316941,-0.233073,0.262301
-1.49549,-0.479535,1.5209,-0.566656,-0.569329,-0.881164,-0.0922306,0.38147,-0.953958,-1.15631,0.740293,0.918529,-0.316941,1.26143,-0.107366
0.681488,-0.340116,-0.729933,-0.566656,-0.569329,0.917994,-0.0922306,-0.290872,-0.953958,0.86357,-0.493529,0.918529,-0.316941,-1.03781,0.821599
0.681488,-0.612581,-0.654604,-0.566656,-0.569329,-1.33095,-0.0922306,-0.241567,-0.953958,0.86357,-0.493529,0.918529,-0.316941,1.38789,-0.156885
0.681488,-0.525742,1.5219,-0.566656,-0.569329,0.468205,-0.0922306,-0.190767,-0.953958,0.86357,-0.493529,-1.08712,-0.316941,-0.348035,-0.195272
0.681488,0.888366,0.0565018,-0.566656,-0.569329,0.468205,-0.0922306,3.14554,-0.953958,0.86357,-0.493529,-1.08712,-0.316941,-0.508982,-0.195272
-1.49549,-0.811751,-0.353288,-0.566656,-0.569329,1.36778,-0.57072,-0.652442,-0.953958,0.86357,-0.493529,0.918529,-0.316941,-0.462998,-0.195272
0.681488,-0.632498,1.35417,-0.566656,-0.569329,0.693099,-0.0922306,-0.0294055,-0.953958,-1.15631,1.76848,-1.08712,-0.316941,0.629143,-0.140762
-1.49549,-0.465991,-0.378398,-0.566656,-0.569329,0.917994,-0.0922306,-0.402929,-0.953958,0.86357,-0.493529,0.918529,-0.316941,1.03151,-0.195272
0.681488,0.960864,-0.880591,1.65489,1.70141,-1.33095,-0.57072,-0.552338,-0.953958,-1.15631,1.15157,-1.08712,-0.316941,0.686624,-0.164178
-1.49549,0.376897,-0.772117,-0.566656,-0.569329,1.36778,-0.57072,-0.440281,-0.953958,-1.15631,0.329019,0.918529,-0.316941,-1.03781,0.108561
0.681488,2.26901,-0.403507,-0.566656,-0.569329,0.693099,-0.57072,-0.141462,-0.953958,-1.15631,0.534656,-1.08712,-0.316941,-0.692922,-0.184139
0.681488,-0.798207,-0.353288,1.65489,1.70141,-1.10606,-0.57072,-0.340177,-0.953958,-1.15631,1.15157,-1.08712,-0.316941,-0.118111,-0.19508
0.681488,-0.724913,-0.847446,1.65489,1.70141,0.917994,-0.57072,-0.652442,-0.953958,-1.15631,-0.287892,-1.08712,-0.316941,3.7906,-0.183948
-1.49549,2.72073,1.85636,-0.566656,-0.569329,1.59268,2.77871,-0.664395,-0.953958,-1.15631,1.76848,-1.08712,-0.316941,-1.03781,0.073437
-1.49549,-0.851585,1.05285,-0.566656,-0.569329,-1.33095,-0.0922306,-0.365576,-0.953958,-1.15631,0.329019,0.918529,-0.316941,-0.750403,0.0859128
0.681488,0.0980587,-0.922775,1.65489,1.70141,-1.33095,-0.0922306,0.306765,-0.953958,-1.15631,-0.287892,-1.08712,-0.316941,1.44537,1.34021
0.681488,-0.0676509,-0.855481,-0.566656,-0.569329,-1.33095,-0.57072,-0.141462,-0.953958,-1.15631,1.76848,0.918529,-0.316941,-0.853869,-0.0916269
0.681488,-0.465991,0.249344,-0.566656,-0.569329,-1.33095,-0.57072,-0.365576,-0.953958,-1.15631,0.123382,0.918529,-0.316941,-1.03781,-0.195272
0.681488,0.649362,-0.629494,-0.566656,-0.569329,-1.33095,-0.57072,-0.216167,-0.953958,-1.15631,1.56284,0.918529,-0.316941,0.0313397,0.706822
0.681488,0.642192,0.249344,-0.566656,-0.569329,0.0184153,-0.57072,-0.278919,-0.953958,-1.15631,0.534656,-1.08712,-0.316941,-0.417013,0.0152808
0.681488,0.0518512,-0.789192,-0.566656,-0.569329,0.917994,-0.57072,-0.265472,-0.953958,-1.15631,1.15157,-1.08712,-0.316941,0.703868,0.436194
0.681488,0.795154,-0.947885,-0.566656,-0.569329,1.14289,-0.57072,-0.652442,1.04674,-1.15631,-0.287892,0.918529,3.26813,2.18113,-0.195272
0.681488,1.39267,-0.102191,-0.566656,-0.569329,0.0184153,-0.57072,-0.627042,-0.953958,0.86357,-0.493529,-1.08712,-0.316941,0.255516,-0.195272
0.681488,0.131519,0.851976,1.65489,1.70141,0.693099,-0.0922306,0.904402,-0.953958,0.86357,-0.493529,-1.08712,-0.316941,-0.1526,-0.195272
-1.49549,-0.234157,2.05724,1.65489,1.70141,1.14289,1.82173,-0.664395,-0.953958,0.86357,-0.493529,0.918529,-0.316941,-1.03781,2.34057
0.681488,3.37799,2.60965,-0.566656,-0.569329,1.59268,2.77871,-0.664395,-0.953958,0.86357,-0.493529,-1.08712,-0.316941,-1.03781,-0.195272
0.681488,2.63389,3.06163,-0.566656,-0.569329,0.917994,-0.0922306,4.56493,-0.953958,-1.15631,1.3572,-1.08712,-0.316941,-1.03781,-0.00333688
0.681488,1.63804,2.05724,-0.566656,-0.569329,-1.33095,-0.57072,1.87556,-0.953958,-1.15631,1.3572,0.918529,-0.316941,-1.03781,-0.195272
0.681488,-0.346489,-0.604384,1.65489,1.70141,-1.33095,-0.57072,-0.365576,-0.953958,-1.15631,0.534656,-1.08712,-0.316941,-0.118111,0.913536
0.681488,-0.453244,-0.839411,-0.566656,-0.569329,-1.33095,-0.57072,-0.577737,-0.953958,-1.15631,0.94593,-1.08712,-0.316941,-0.48599,0.788202
0.681488,-0.0676509,0.349783,-0.566656,-0.569329,-0.881164,-0.57072,0.269413,-0.953958,-1.15631,1.15157,0.918529,-0.316941,0.859067,0.0350501
0.681488,-0.320199,-0.805262,-0.566656,-0.569329,-1.33095,-0.0922306,0.605584,-0.953958,-1.15631,0.123382,-1.08712,-0.316941,0.755601,-0.166481
0.681488,-0.625327,-0.95592,2.76567,1.70141,0.130863,1.34324,-0.664395,1.04674,0.86357,-0.493529,0.918529,1.47559,-1.03781,-0.195272
0.681488,0.251021,0.0986861,-0.566656,-0.569329,0.693099,-0.57072,-0.638995,1.04674,0.86357,-0.493529,-1.08712,-0.316941,0.629143,-0.19412
0.681488,0.609528,-0.913736,-0.566656,-0.569329,-0.206479,-0.57072,-0.638995,-0.953958,0.86357,-0.493529,-1.08712,-0.316941,0.571662,-0.195272
0.681488,-0.419784,-0.805262,-0.566656,-0.569329,-1.33095,0.386259,-0.58969,-0.953958,0.86357,-0.493529,0.918529,-0.316941,0.968281,-0.190857
-1.49549,1.19987,-0.353288,-0.566656,-0.569329,-1.33095,-0.57072,0.0452991,-0.953958,-1.15631,1.15157,-1.08712,-0.316941,1.23844,0.602985
-1.49549,-0.758373,0.249344,-0.566656,-0.569329,1.36778,-0.57072,0.0826515,-0.953958,-1.15631,0.123382,0.918529,-0.316941,-0.57796,-0.0190755
-0.407,-0.871502,-0.93081,-0.566656,-0.569329,0.468205,-0.57072,-0.365576,1.04674,-1.15631,-0.287892,0.918529,-0.316941,0.341737,-0.0478658
0.681488,-0.838041,-0.470801,-0.566656,-0.569329,-1.33095,-0.57072,-0.0667578,-0.953958,-1.15631,1.76848,-1.08712,-0.316941,0.111813,0.380533
-1.49549,-0.121029,-0.863516,-0.566656,-0.569329,-0.206479,-0.57072,-0.503033,-0.953958,-1.15631,0.329019,0.918529,-0.316941,1.14647,-0.0993043
-0.407,0.89474,-0.604384,1.65489,1.70141,0.130863,1.34324,-0.664395,1.04674,0.86357,-0.493529,-1.08712,-0.316941,-0.175592,-0.19508
0.681488,-0.094738,-0.704823,1.65489,1.70141,-0.206479,-0.57072,-0.58969,1.04674,0.86357,-0.493529,0.918529,-0.316941,0.249768,-0.195272
0.681488,-0.871502,-0.9057,-0.566656,-0.569329,0.468205,-0.57072,-0.627042,1.04674,0.86357,-0.493529,0.918529,-0.316941,0.111813,-0.195272
0.681488,-0.60541,-0.838407,-0.566656,-0.569329,-1.33095,-0.0922306,-0.638995,-0.953958,0.86357,-0.493529,0.918529,-0.316941,-0.00314896,-0.195272
-1.49549,-0.114655,-0.604384,1.65489,1.70141,-0.206479,-0.57072,-0.290872,1.04674,0.86357,-0.493529,-1.08712,-0.316941,0.571662,-0.195272
0.681488,-1.183,-0.947885,-0.566656,-0.569329,-1.33095,-0.57072,-0.652442,1.04674,0.86357,-0.493529,0.918529,-0.316941,-1.03781,-0.195272
0.681488,0.104432,-0.252849,-0.566656,-0.569329,-0.206479,-0.57072,-0.514985,1.04674,0.86357,-0.493529,-1.08712,-0.316941,0.295753,-0.195272
0.681488,-2.47124,-0.947885,1.65489,1.70141,-1.10606,-0.57072,0.605584,1.04674,0.86357,-0.493529,-1.08712,-0.316941,1.60632,-0.195272
0.681488,1.33929,-0.119266,-0.566656,-0.569329,0.917994,0.386259,-0.638995,1.04674,0.86357,-0.493529,-1.08712,-0.316941,1.95121,-0.195272
0.681488,-0.877875,-0.704823,1.65489,1.70141,-0.206479,-0.57072,-0.627042,1.04674,0.86357,-0.493529,0.918529,-0.316941,-0.233073,-0.194504
0.681488,-0.273991,-0.303069,1.65489,1.70141,0.468205,-0.0922306,0.855097,1.04674,-1.15631,-0.0822548,-1.08712,-0.316941,1.08324,-0.19508
0.681488,-0.718539,-0.797227,-0.566656,-0.569329,0.693099,-0.57072,-0.577737,1.04674,-1.15631,-0.287892,0.918529,-0.316941,1.3764,-0.140954
0.681488,-0.931253,1.23666,-0.566656,-0.569329,-1.33095,0.386259,-0.489586,1.04674,-1.15631,-0.0822548,-1.08712,-0.316941,0.111813,-0.193928
-1.49549,0.582441,-0.0690465,-0.566656,-0.569329,-1.33095,-0.57072,-0.627042,1.04674,0.86357,-0.493529,0.918529,-0.316941,-0.118111,-0.195272
0.681488,-0.127402,-0.704823,-0.566656,-0.569329,-1.33095,-0.0922306,-0.58969,1.04674,-1.15631,-0.0822548,-1.08712,-0.316941,1.26143,-0.174543
0.681488,-0.665162,-0.805262,-0.566656,-0.569329,-0.656269,-0.57072,-0.190767,1.04674,-1.15631,-0.287892,-1.08712,-0.316941,1.26143,-0.193544
0.681488,0.0980587,1.85636,1.65489,1.70141,1.59268,2.77871,-0.664395,1.04674,-1.15631,-0.0822548,0.918529,-0.316941,-0.118111,-0.19508
0.681488,-0.114655,-0.00175258,-0.566656,-0.569329,0.0184153,-0.57072,-0.0667578,1.04674,-1.15631,-0.287892,-1.08712,-0.316941,1.60632,-0.18222
0.681488,-1.00375,1.13622,1.65489,1.70141,1.36778,-0.57072,-0.627042,-0.953958,0.86357,-0.493529,0.918529,-0.316941,-0.348035,-0.123296
0.681488,-0.704996,-0.503946,-0.566656,-0.569329,-0.656269,-0.57072,-0.627042,1.04674,0.86357,-0.493529,0.918529,-0.316941,-0.118111,-0.193352
0.681488,-0.665162,-0.922775,-0.566656,-0.569329,-1.33095,0.864748,0.00794684,1.04674,0.86357,-0.493529,-1.08712,3.26813,-1.03781,-0.195272
-1.49549,-0.433327,-0.95592,2.76567,1.70141,0.130863,1.34324,-0.664395,1.04674,0.86357,-0.493529,0.918529,1.47559,-1.03781,-0.195272
0.681488,-0.971087,-0.95592,-0.566656,-0.569329,0.468205,-0.57072,-0.46568,1.04674,0.86357,-0.493529,0.918529,-0.316941,-0.118111,-0.19508
0.681488,-0.752,-0.797227,1.65489,1.70141,-0.881164,-0.57072,-0.46568,1.04674,0.86357,-0.493529,0.918529,-0.316941,-0.118111,-0.195272
0.681488,-0.57912,1.45461,-0.566656,-0.569329,-1.33095,-0.57072,-0.0413582,1.04674,0.86357,-0.493529,0.918529,3.26813,-0.57796,-0.195272
0.681488,-0.718539,0.617954,1.65489,1.70141,-0.656269,0.386259,-0.61509,1.04674,0.86357,-0.493529,-1.08712,-0.316941,-1.03781,-0.195272
0.681488,0.403187,-0.445691,-0.566656,-0.569329,1.59268,2.77871,-0.664395,1.04674,0.86357,-0.493529,0.918529,-0.316941,-1.03781,-0.00333688
0.681488,-0.140946,1.65549,-0.566656,-0.569329,-1.10606,-0.0922306,-0.514985,1.04674,0.86357,-0.493529,0.918529,-0.316941,0.27276,-0.195272
-1.49549,-0.911336,-0.822336,-0.566656,-0.569329,0.693099,-0.57072,-0.166862,1.04674,0.86357,-0.493529,0.918529,-0.316941,0.226775,-0.194312
-1.49549,-0.645244,-0.704823,-0.566656,-0.569329,0.468205,-0.57072,-0.58969,1.04674,0.86357,-0.493529,-1.08712,-0.316941,-0.348035,-0.0399964
-1.49549,-0.300282,-0.897665,-0.566656,-0.569329,0.0184153,-0.0922306,-0.627042,1.04674,-1.15631,-0.287892,-1.08712,-0.316941,0.525677,-0.174543
-1.49549,0.615901,-0.654604,-0.566656,-0.569329,1.59268,2.77871,-0.664395,1.04674,0.86357,-0.493529,0.918529,-0.316941,-0.600952,-0.195272
0.681488,0.111602,-0.52102,1.65489,1.70141,-0.206479,2.77871,-0.664395,1.04674,0.86357,-0.493529,0.918529,-0.316941,-0.348035,-0.195272
-1.49549,-0.57912,-0.813297,-0.566656,-0.569329,0.693099,-0.57072,-0.58969,1.04674,-1.15631,-0.287892,-1.08712,-0.316941,0.341737,-0.194504
0.681488,-1.02367,-0.461762,-0.566656,-0.569329,-1.33095,1.34324,-0.377529,1.04674,-1.15631,-0.0822548,-1.08712,-0.316941,-0.118111,-0.082606
0.681488,0.788781,-0.855481,1.65489,1.70141,0.0184153,-0.57072,-0.514985,1.04674,0.86357,-0.493529,-1.08712,-0.316941,-0.290554,-0.195272
0.681488,-0.917709,0.969489,-0.566656,-0.569329,1.36778,-0.57072,-0.428328,1.04674,0.86357,-0.493529,0.918529,-0.316941,-0.57796,-0.128095
0.681488,-0.194323,-0.22774,-0.566656,-0.569329,1.36778,-0.57072,-0.58969,1.04674,0.86357,-0.493529,-1.08712,-0.316941,-0.462998,-0.195272
0.681488,0.363353,-0.805262,-0.566656,-0.569329,-0.206479,-0.57072,-0.216167,1.04674,0.86357,-0.493529,-1.08712,-0.316941,0.290004,-0.195272
0.681488,0.251021,-0.403507,-0.566656,-0.569329,-0.656269,0.386259,0.0826515,1.04674,0.86357,-0.493529,-1.08712,-0.316941,0.295753,-0.156885
-0.407,0.171353,-0.503946,1.65489,1.70141,-0.881164,-0.57072,0.38147,1.04674,0.86357,-0.493529,-1.08712,-0.316941,0.111813,-0.168209
0.681488,0.0446811,-0.805262,1.65489,1.70141,1.36778,-0.57072,0.38147,1.04674,0.86357,-0.493529,-1.08712,-0.316941,0.801586,-0.195272
-1.49549,1.71134,0.450221,-0.566656,-0.569329,1.36778,-0.0922306,0.232061,1.04674,0.86357,-0.493529,0.918529,-0.316941,-1.03781,-0.195272
0.681488,0.410358,-0.871551,1.65489,1.70141,0.693099,-0.57072,-0.577737,1.04674,0.86357,-0.493529,-1.08712,-0.316941,0.738357,-0.194888
0.681488,0.502773,-0.420582,-0.566656,-0.569329,-0.881164,-0.57072,-0.61509,1.04674,0.86357,-0.493529,-1.08712,-0.316941,-1.03781,-0.0991123
-1.49549,-0.811751,0.751537,-0.566656,-0.569329,-1.33095,-0.57072,-0.61509,1.04674,0.86357,-0.493529,0.918529,-0.316941,-1.03781,-0.127903
0.681488,-0.55283,0.851976,-0.566656,-0.569329,1.36778,-0.57072,-0.58969,1.04674,0.86357,-0.493529,-1.08712,-0.316941,-1.03781,-0.195272
0.681488,-0.433327,-0.888626,-0.566656,-0.569329,-0.206479,-0.0922306,0.38147,1.04674,0.86357,-0.493529,-1.08712,-0.316941,0.916548,-0.195272
-1.49549,0.33069,-0.20263,-0.566656,-0.569329,1.59268,2.77871,-0.664395,1.04674,-1.15631,0.740293,0.918529,-0.316941,-1.03781,-0.156885
0.681488,1.3592,-0.20263,-0.566656,-0.569329,-0.656269,0.386259,-0.365576,1.04674,0.86357,-0.493529,0.918529,-0.316941,-0.462998,-0.194888
-1.49549,-1.21009,0.57577,-0.566656,-0.569329,0.468205,-0.57072,-0.627042,1.04674,-1.15631,-0.287892,-1.08712,-0.316941,-1.03781,-0.164562
-1.49549,-0.678705,-0.872556,-0.566656,-0.569329,-0.656269,-0.57072,-0.564291,1.04674,0.86357,-0.493529,-1.08712,3.26813,-0.210081,-0.195272
0.681488,-0.758373,1.35417,-0.566656,-0.569329,-0.656269,-0.57072,-0.514985,-0.953958,0.86357,-0.493529,-1.08712,-0.316941,-0.462998,-0.18222
-1.49549,-0.592664,-0.789192,-0.566656,-0.569329,0.468205,-0.57072,-0.540385,1.04674,-1.15631,-0.287892,-1.08712,-0.316941,0.111813,-0.19316
-1.49549,-0.791834,0.0484667,1.65489,1.70141,1.59268,2.77871,-0.664395,1.04674,0.86357,-0.493529,0.918529,-0.316941,-1.03781,-0.195272
0.681488,-0.426157,-0.303069,-0.566656,-0.569329,-1.33095,-0.0922306,0.0198996,1.04674,-1.15631,-0.287892,-1.08712,-0.316941,1.3534,-0.191241
-1.49549,0.629445,-0.621459,-0.566656,-0.569329,1.36778,-0.57072,-0.58969,1.04674,0.86357,-0.493529,0.918529,-0.316941,-1.03781,-0.120417
-1.49549,-1.21646,-0.880591,-0.566656,-0.569329,-1.33095,-0.57072,-0.365576,1.04674,0.86357,-0.493529,0.918529,-0.316941,-0.348035,-0.191817
-1.49549,-0.194323,-0.20263,-0.566656,-0.569329,-1.33095,-0.57072,-0.58969,1.04674,-1.15631,-0.287892,-1.08712,-0.316941,-0.807884,-0.165714
0.681488,-0.698622,0.851976,-0.566656,-0.569329,1.36778,-0.57072,-0.638995,1.04674,0.86357,-0.493529,0.918529,-0.316941,-1.03781,-0.195272
0.681488,-0.094738,-0.252849,-0.566656,-0.569329,-1.33095,-0.57072,-0.61509,1.04674,0.86357,-0.493529,0.918529,-0.316941,0.203783,-0.195272
-1.49549,-0.599037,-0.654604,-0.566656,-0.569329,0.693099,-0.57072,-0.402929,1.04674,0.86357,-0.493529,-1.08712,-0.316941,-0.118111,-0.195272
0.681488,0.0845151,-0.152411,1.65489,1.70141,-0.881164,-0.57072,-0.216167,1.04674,0.86357,-0.493529,-1.08712,-0.316941,-0.348035,-0.195272
0.681488,0.00484705,-0.654604,1.65489,1.70141,0.693099,-0.57072,-0.652442,1.04674,0.86357,-0.493529,0.918529,3.26813,-0.118111,-0.195272
0.681488,0.0645981,-0.947885,1.65489,1.70141,0.0184153,-0.57072,-0.652442,1.04674,0.86357,-0.493529,0.918529,-0.316941,-1.03781,-0.195272
-1.49549,-0.738456,1.40439,-0.566656,-0.569329,-1.33095,-0.57072,-0.58969,1.04674,0.86357,-0.493529,-1.08712,-0.316941,-0.00314896,-0.195272
-1.49549,-1.04358,-0.847446,-0.566656,-0.569329,-1.33095,-0.57072,-0.141462,1.04674,-1.15631,-0.287892,-1.08712,-0.316941,-0.57796,-0.194312
0.681488,-0.054904,-0.855481,-0.566656,-0.569329,-1.10606,-0.0922306,-0.638995,1.04674,0.86357,-0.493529,-1.08712,3.26813,0.410715,-0.195272
0.681488,1.65796,-0.54613,1.65489,1.70141,1.59268,2.77871,-0.216167,1.04674,0.86357,-0.493529,0.918529,-0.316941,-0.348035,-0.19508
0.681488,1.28671,0.216199,-0.566656,-0.569329,0.693099,-0.57072,0.979107,1.04674,0.86357,-0.493529,0.918529,-0.316941,1.63506,-0.166481
0.681488,-0.41341,1.62234,-0.566656,-0.569329,-0.881164,-0.57072,-0.514985,1.04674,0.86357,-0.493529,0.918529,-0.316941,-1.03781,-0.194888
-1.49549,1.53208,-0.788187,-0.566656,-0.569329,1.36778,-0.57072,-0.514985,1.04674,0.86357,-0.493529,-1.08712,-0.316941,0.341737,-0.172815
-0.407,-0.121029,-0.554165,1.65489,1.70141,1.14289,-0.0922306,-0.0667578,1.04674,0.86357,-0.493529,0.918529,-0.316941,0.433707,-0.192009
-1.49549,0.502773,-0.453727,-0.566656,-0.569329,-0.656269,-0.0922306,-0.601643,1.04674,0.86357,-0.493529,0.918529,-0.316941,0.4567,-0.148056
-1.49549,0.841362,-0.747007,-0.566656,-0.569329,1.36778,-0.57072,-0.46568,1.04674,0.86357,-0.493529,0.918529,-0.316941,0.341737,-0.149783
-1.49549,-0.034987,1.18644,-0.566656,-0.569329,0.468205,-0.0922306,-0.638995,1.04674,-1.15631,1.97411,-1.08712,-0.316941,-0.296302,-0.194696
0.681488,-0.924083,0.500441,-0.566656,-0.569329,0.0184153,-0.57072,-0.652442,1.04674,-1.15631,-0.287892,0.918529,-0.316941,-0.462998,-0.19508
-1.49549,-1.04358,1.09504,-0.566656,-0.569329,1.59268,2.77871,-0.664395,1.04674,0.86357,-0.493529,0.918529,-0.316941,-1.03781,-0.185675
-1.49549,-0.871502,-0.704823,-0.566656,-0.569329,-1.33095,-0.57072,-0.664395,1.04674,0.86357,-0.493529,0.918529,-0.316941,-1.03781,-0.195272
0.681488,-0.917709,-0.897665,-0.566656,-0.569329,-0.206479,-0.57072,-0.577737,1.04674,0.86357,-0.493529,0.918529,-0.316941,0.571662,-0.125407
0.681488,-0.254074,-0.755042,1.65489,1.70141,-1.10606,-0.0922306,0.232061,1.04674,0.86357,-0.493529,0.918529,-0.316941,-0.0261414,-0.0922027
0.681488,-1.11051,-0.295033,-0.566656,-0.569329,-0.656269,-0.57072,-0.564291,1.04674,0.86357,-0.493529,-1.08712,-0.316941,-0.233073,-0.194888
0.681488,0.430275,-0.805262,1.65489,1.70141,-1.10606,-0.57072,-0.489586,1.04674,0.86357,-0.493529,0.918529,-0.316941,0.341737,-0.194696
0.681488,0.761694,-0.295033,-0.566656,-0.569329,0.0184153,-0.57072,0.38147,1.04674,0.86357,-0.493529,-1.08712,3.26813,1.26143,-0.195272
0.681488,-0.791834,1.06993,1.65489,1.70141,1.14289,-0.0922306,-0.290872,1.04674,0.86357,-0.493529,0.918529,-0.316941,0.4567,-0.195272
-1.49549,-0.665162,-0.805262,-0.566656,-0.569329,-1.33095,-0.57072,-0.0667578,1.04674,-1.15631,-0.0822548,-1.08712,-0.316941,0.111813,-0.119649
-1.49549,-0.459618,1.75592,1.65489,1.70141,1.59268,2.77871,-0.0667578,1.04674,-1.15631,-0.287892,-1.08712,-0.316941,0.111813,-0.19508
0.681488,-1.04358,-0.91474,-0.566656,-0.569329,1.36778,-0.57072,-0.652442,1.04674,0.86357,-0.493529,0.918529,-0.316941,0.571662,-0.0513206
0.681488,0.317146,-0.277959,-0.566656,-0.569329,-1.33095,-0.0922306,1.81281,1.04674,0.86357,-0.493529,-1.08712,-0.316941,-1.03781,-0.195272
