1.22289,-0.294392,0.520404,-0.00474753,0.174117,0.829273,1.15862,-1.32638,1.376,1.57499,1.10045,1.65192,-1.16123,-1.02706,-0.420183,0.712421,1.28531,0.188099,-0.494616,-0.797617,-0.559929,0.611467,1.41533,-0.138902,0.700639
-0.79286,-0.294392,0.566136,0.648038,-0.228078,-1.45313,-1.24405,0.878131,-0.275199,0.35878,1.10045,0.12,-1.16123,-1.02706,-0.420183,1.31617,-0.111766,0.483853,2.33986,0.942638,0.530842,1.96029,-0.26852,-0.138902,0.700639
1.22289,-0.294392,0.507338,-0.776221,-0.0269805,-0.692329,-0.443161,0.327003,-0.275199,0.35878,0.371675,-0.645958,-1.16123,-1.02706,-0.420183,-0.495072,-0.577456,-0.521709,-0.557522,-0.797617,-0.559929,-0.737357,-0.677446,-0.138902,-1.42251
-0.79286,3.38551,0.559603,2.90311,2.98948,1.59007,-0.443161,1.98039,1.376,-0.249322,1.10045,1.65192,-0.14853,0.980219,2.10596,0.712421,-1.04315,0.365551,-0.53902,1.81277,2.33061,0.611467,-0.26852,-0.138902,-1.42251
1.22289,-0.294392,0.442007,1.12279,0.526036,-1.45313,-1.24405,1.98039,1.376,-1.46553,-1.81465,-1.41192,-1.16123,-1.02706,-0.420183,-1.09882,-1.04315,1.90347,-0.531619,-0.797617,-0.559929,0.611467,0.118922,-0.138902,0.700639
1.22289,-0.294392,-1.99484,-1.9631,-1.23356,0.0684721,-0.443161,0.327003,-0.275199,-0.249322,0.371675,0.12,0.864172,-0.0234182,-0.420183,0.712421,0.353925,-2.47368,-0.805446,-0.797617,-0.559929,-0.737357,-0.677446,-0.138902,0.700639
-0.79286,-0.294392,0.481206,-0.538845,-0.429175,-0.692329,-0.443161,-0.775254,-0.275199,0.35878,0.371675,0.885959,-0.14853,-0.0234182,-0.420183,0.712421,1.28531,-0.285106,-0.546421,-0.797617,-0.559929,-0.737357,-0.0988756,-0.138902,0.700639
-0.79286,-0.294392,-1.99484,-0.18278,-1.23356,0.829273,-1.24405,-1.32638,-0.275199,-1.46553,1.10045,0.12,0.864172,-0.0234182,-0.420183,0.712421,0.819616,0.128948,-0.498316,-0.797617,-0.559929,0.611467,-0.26852,-0.138902,0.700639
1.22289,-0.294392,-1.99484,0.410661,0.576311,0.829273,1.95952,0.327003,-0.275199,0.966883,1.10045,1.65192,0.864172,-0.0234182,-0.420183,0.712421,1.28531,-0.225956,-0.576024,-0.797617,-0.559929,1.96029,-0.0838742,-0.138902,0.700639
1.22289,3.38551,0.507338,0.707382,-1.23356,-0.692329,-1.24405,-0.775254,-0.275199,1.57499,0.371675,-0.645958,0.864172,-0.0234182,-0.420183,0.712421,-1.04315,-0.107654,-0.576024,0.0725106,0.639919,-0.737357,-0.677446,-0.138902,-1.42251
-0.79286,-0.294392,0.494272,-0.00474753,-0.630272,0.829273,1.15862,1.42926,-0.275199,0.35878,0.371675,-0.645958,0.864172,-0.0234182,1.09551,0.108674,1.28531,0.128948,-0.583424,0.942638,1.40346,-0.737357,-0.284077,-0.138902,-1.42251
1.22289,-0.294392,0.559603,0.173285,1.3807,0.0684721,-1.24405,-0.224126,-0.275199,-0.249322,-1.08587,0.12,-0.14853,-0.0234182,-0.420183,1.31617,0.819616,0.483853,-0.516818,-0.797617,-0.559929,-0.737357,-0.286485,-0.138902,0.700639
-0.79286,-0.294392,0.435474,-0.716877,-0.630272,0.0684721,-0.443161,-0.775254,-0.275199,0.35878,0.371675,0.885959,1.87687,-0.0234182,-0.420183,1.31617,1.28531,-2.47368,-0.546421,-0.797617,-0.559929,-0.737357,0.0863263,-0.138902,0.700639
1.22289,3.38551,0.487739,0.766726,0.174117,-0.692329,-0.443161,-0.224126,-0.275199,-0.857425,0.371675,0.12,1.87687,-1.02706,3.21747,-0.495072,-0.577456,-0.285106,-0.579724,0.0725106,-0.559929,0.611467,-0.677446,-0.138902,-1.42251
-0.79286,-0.294392,0.500805,0.291973,0.174117,0.829273,-0.443161,-0.775254,-0.275199,0.35878,1.10045,-0.645958,0.864172,0.980219,-0.420183,1.31617,0.819616,0.24725,2.19185,0.0725106,0.530842,-0.737357,-0.2863,-0.138902,0.700639
-0.79286,-0.294392,0.461607,0.885414,1.1796,0.829273,-0.443161,0.878131,-0.275199,1.57499,0.371675,0.885959,0.864172,1.98386,1.85335,1.31617,-1.04315,0.188099,-0.553821,-0.797617,-0.559929,0.611467,-0.0835038,-0.138902,0.700639
-0.79286,3.38551,-1.99484,1.83492,0.576311,0.829273,1.15862,0.878131,1.376,0.966883,1.10045,0.885959,1.87687,-1.02706,-0.420183,1.31617,1.28531,0.661305,-0.516818,1.81277,2.00338,0.611467,-0.418164,-0.138902,-1.42251
1.22289,-0.294392,0.455074,-0.538845,-0.0269805,-1.45313,-1.24405,-1.32638,-1.92639,-1.46553,-1.81465,-1.41192,-1.16123,-1.02706,-0.420183,-1.09882,-1.04315,-2.47368,-0.805446,-0.797617,-0.559929,-0.737357,-0.677446,-0.138902,0.700639
-0.79286,-0.294392,0.461607,-0.0640917,-0.177803,-0.692329,-0.443161,-0.224126,-0.275199,-0.249322,0.371675,-0.645958,-0.14853,-0.0234182,-0.420183,0.108674,1.28531,-0.107654,-0.546421,0.0725106,-0.559929,-0.737357,0.101328,-0.138902,-1.42251
1.22289,-0.294392,0.579202,1.30082,0.526036,1.59007,1.15862,1.98039,-1.92639,-1.46553,0.371675,0.885959,-1.16123,-1.02706,-0.420183,-1.09882,-1.04315,0.779606,-0.483514,-0.797617,-0.559929,-0.737357,-0.677446,-0.138902,0.700639
-0.79286,-0.294392,0.611868,0.173285,1.78289,-0.692329,-0.443161,1.42926,1.376,1.57499,1.10045,1.65192,1.87687,-0.0234182,-0.420183,1.31617,0.819616,0.24725,-0.579724,0.942638,-0.559929,-0.737357,-0.286485,-0.138902,0.700639
1.22289,-0.294392,0.513871,-0.538845,-0.429175,-0.692329,-1.24405,-0.775254,-0.275199,-0.857425,0.371675,-0.645958,0.864172,1.98386,2.35858,1.31617,0.353925,0.424702,-0.553821,-0.797617,-0.559929,-0.737357,-0.677446,-0.138902,0.700639
-0.79286,-0.294392,0.526938,-0.716877,0.475762,0.0684721,-0.443161,0.878131,-1.92639,-0.249322,0.371675,-0.645958,-1.16123,-1.02706,-0.420183,-0.495072,-1.04315,0.365551,-0.53902,-0.797617,-0.559929,-0.737357,-0.101283,-0.138902,0.700639
-0.79286,3.38551,0.507338,1.89426,1.78289,-1.45313,1.15862,-1.32638,-0.275199,-0.249322,1.10045,-1.41192,-1.16123,-1.02706,-0.420183,-1.09882,-1.04315,0.483853,1.78481,-0.797617,-0.559929,-0.737357,-0.101283,-0.138902,0.700639
-0.79286,-0.294392,0.494272,-0.18278,-0.630272,0.829273,1.15862,0.327003,-0.275199,-1.46553,1.10045,0.885959,1.87687,0.980219,0.590276,-1.09882,-1.04315,0.543003,1.59979,-0.797617,-0.559929,-0.737357,-0.101283,-0.138902,0.700639
1.22289,-0.294392,0.474673,-0.18278,0.877956,-1.45313,-1.24405,-1.32638,-0.275199,-1.46553,-1.81465,-1.41192,-1.16123,-1.02706,-0.420183,-1.09882,-1.04315,-2.47368,-0.805446,-0.797617,-0.559929,-0.737357,-0.677446,-0.138902,0.700639
-0.79286,-0.294392,0.507338,0.173285,0.274665,1.59007,1.15862,0.327003,1.376,0.35878,0.371675,0.885959,0.864172,-0.0234182,-0.420183,0.712421,1.28531,0.0697978,-0.546421,0.942638,1.56707,-0.737357,-0.101283,-0.138902,-1.42251
-0.79286,-0.294392,0.474673,-0.538845,-0.630272,0.829273,-0.443161,-0.775254,-0.275199,-1.46553,0.371675,0.12,-0.14853,-0.0234182,-0.420183,-0.495072,0.353925,-0.285106,-0.601926,0.942638,0.149072,-0.737357,0.0859559,-0.138902,-1.42251
-0.79286,-0.294392,-1.99484,-1.9631,-1.23356,-1.45313,-1.24405,-1.32638,-1.92639,-1.46553,-1.81465,-1.41192,-1.16123,-1.02706,-0.420183,-1.09882,-1.04315,-2.47368,-0.805446,-0.797617,-0.559929,0.611467,0.118922,-0.138902,0.700639
1.22289,-0.294392,0.46814,-0.538845,-1.23356,0.0684721,-0.443161,-0.775254,-0.275199,-0.857425,-1.08587,-0.645958,-0.14853,-0.0234182,-0.420183,-1.09882,-1.04315,0.188099,2.00683,-0.797617,-0.559929,-0.737357,-0.677446,-0.138902,0.700639
1.22289,-0.294392,0.46814,0.885414,0.274665,0.829273,1.15862,0.878131,1.376,1.57499,1.10045,1.65192,1.87687,0.980219,1.60074,1.31617,1.28531,1.43026,-0.527919,-0.797617,-0.559929,0.611467,0.101328,-0.138902,0.700639
1.22289,-0.294392,0.435474,1.24148,-0.630272,0.829273,1.15862,0.878131,1.376,-0.249322,1.10045,0.12,-1.16123,1.98386,2.61119,0.712421,0.353925,0.602154,-0.502016,1.81277,3.47592,1.96029,-0.268706,-0.138902,-1.42251
-0.79286,-0.294392,0.435474,-0.18278,-1.23356,0.0684721,-0.443161,-0.775254,-0.275199,0.35878,0.371675,0.885959,0.864172,-0.0234182,-0.420183,1.31617,1.28531,0.0697978,-0.561222,-0.797617,-0.559929,-0.737357,-0.268335,-0.138902,0.700639
-0.79286,-0.294392,0.500805,-0.0640917,0.174117,-0.692329,-0.443161,-0.775254,-0.275199,0.35878,-1.08587,-1.41192,-1.16123,-1.02706,-0.420183,1.31617,0.819616,0.424702,-0.487215,0.942638,3.03962,-0.737357,-0.26852,-0.138902,-1.42251
-0.79286,-0.294392,-1.99484,1.0041,0.274665,0.829273,1.15862,0.878131,1.376,1.57499,1.10045,1.65192,1.87687,1.98386,-0.420183,1.31617,0.819616,0.602154,-0.561222,-0.797617,-0.559929,-0.737357,-0.469279,-0.138902,0.700639
1.22289,-0.294392,-1.99484,1.12279,-0.0269805,1.59007,1.15862,0.327003,1.376,0.966883,1.10045,0.885959,-1.16123,1.98386,-0.420183,-1.09882,-0.111766,1.84432,-0.494616,-0.797617,-0.559929,1.96029,0.639524,-0.138902,0.700639
1.22289,-0.294392,0.507338,1.36017,-0.429175,-1.45313,1.15862,1.42926,1.376,-1.46553,-1.81465,-0.645958,-0.14853,0.980219,-0.420183,-1.09882,1.28531,0.543003,-0.583424,0.942638,-0.0145436,1.96029,0.28653,-0.138902,-1.42251
-0.79286,-0.294392,0.474673,0.173285,-1.23356,-1.45313,1.15862,-1.32638,-0.275199,1.57499,0.371675,-0.645958,-1.16123,-0.0234182,-0.420183,-0.495072,-0.577456,0.838757,2.15485,0.0725106,0.530842,-0.737357,-0.101283,-0.138902,0.700639
1.22289,-0.294392,0.526938,-0.420156,-1.23356,-0.692329,-0.443161,-0.775254,-0.275199,0.35878,0.371675,0.12,-0.14853,-0.0234182,-0.420183,-0.495072,0.353925,-0.58086,-0.561222,0.0725106,2.167,-0.737357,-0.677446,-0.138902,-1.42251
-0.79286,3.38551,0.566136,2.36902,3.59277,-1.45313,-1.24405,-1.32638,-1.92639,-1.46553,-1.81465,-1.41192,-1.16123,-1.02706,-0.420183,-1.09882,-1.04315,-2.47368,-0.805446,-0.797617,-0.559929,0.611467,-0.286115,-0.138902,0.700639
-0.79286,-0.294392,-1.99484,0.648038,-1.23356,0.829273,1.15862,1.98039,1.376,1.57499,0.371675,0.885959,-0.14853,1.98386,-0.420183,1.31617,1.28531,1.25281,-0.564922,1.81277,-0.559929,0.611467,0.101328,-0.138902,0.700639
1.22289,3.38551,0.55307,2.48771,2.38618,-1.45313,-1.24405,-1.32638,-1.92639,-1.46553,-1.81465,-1.41192,-1.16123,-1.02706,-0.420183,-1.09882,-1.04315,0.306401,-0.490915,-0.797617,-0.505391,-0.737357,1.06345,-0.138902,-1.42251
1.22289,-0.294392,0.487739,-0.18278,-0.630272,0.829273,-0.443161,0.327003,-0.275199,0.35878,0.371675,-0.645958,-0.14853,-0.0234182,-0.420183,0.108674,-0.111766,0.306401,-0.546421,-0.797617,-0.559929,-0.737357,-0.101283,-0.138902,0.700639
-0.79286,-0.294392,-1.99484,1.59754,-1.23356,0.829273,1.95952,0.878131,-0.275199,0.966883,1.10045,1.65192,-0.14853,-0.0234182,-0.420183,-1.09882,1.28531,0.602154,1.6738,0.942638,0.530842,1.96029,-0.0838742,-0.138902,0.700639
-0.79286,-0.294392,0.317879,2.19098,-0.0269805,0.829273,1.15862,0.878131,1.376,0.966883,1.10045,-1.41192,0.864172,-0.0234182,-0.420183,-1.09882,1.28531,0.897907,1.74781,1.81277,0.530842,1.96029,-0.0838742,-0.138902,0.700639
1.22289,-0.294392,-1.99484,1.59754,-1.23356,1.59007,1.15862,0.878131,1.376,1.57499,1.10045,1.65192,-0.14853,-0.0234182,-0.420183,1.31617,1.28531,1.07536,-0.564922,1.81277,-0.559929,0.611467,-0.0838742,-0.138902,0.700639
-0.79286,-0.294392,0.481206,-0.18278,-0.479449,0.829273,-1.24405,0.878131,1.376,1.57499,1.10045,1.65192,0.864172,0.980219,-0.420183,1.31617,1.28531,1.37111,-0.527919,-0.797617,-0.559929,-0.737357,-0.250556,-0.138902,-1.42251
1.22289,-0.294392,0.455074,-0.538845,-0.429175,-0.692329,-0.443161,-0.775254,-0.275199,-0.857425,-1.08587,-0.645958,-0.14853,-0.0234182,-0.420183,-0.495072,-1.04315,-0.285106,-0.564922,-0.797617,-0.559929,-0.737357,-0.677446,-0.138902,0.700639
-0.79286,-0.294392,0.546537,0.410661,0.978505,0.829273,1.15862,0.327003,1.376,-0.249322,0.371675,0.885959,0.864172,0.980219,3.11642,0.712421,-0.577456,0.720455,-0.564922,1.81277,-0.559929,0.611467,0.639524,-0.138902,0.700639
1.22289,-0.294392,0.435474,0.52935,1.1796,0.829273,1.15862,1.42926,1.376,0.966883,-1.08587,0.12,-0.14853,0.980219,-0.420183,0.108674,-0.577456,1.84432,-0.601926,0.942638,1.67615,0.611467,0.118922,-0.138902,-1.42251
1.22289,-0.294392,0.526938,-0.598189,-1.23356,-0.692329,-0.443161,-0.224126,-0.275199,-0.857425,0.371675,0.12,-0.14853,-0.0234182,-0.420183,-1.09882,-0.111766,0.424702,-0.468713,0.0725106,0.312688,-0.737357,-0.101283,-0.138902,-1.42251
-0.79286,-0.294392,0.44854,0.52935,0.576311,-0.692329,-1.24405,0.327003,1.376,0.35878,0.371675,0.12,-1.16123,-1.02706,-0.420183,1.31617,1.28531,-2.47368,-0.805446,1.81277,-0.559929,0.611467,0.657674,-0.138902,-1.42251
1.22289,-0.294392,-1.99484,-1.9631,-1.23356,-0.692329,-0.443161,0.327003,-0.275199,-0.857425,0.371675,-0.645958,-1.16123,-1.02706,-0.420183,0.108674,-0.111766,0.0697978,-0.520518,-0.797617,-0.559929,-0.737357,-0.101283,-0.138902,0.700639
1.22289,-0.294392,0.526938,-0.776221,-0.228078,-1.45313,-1.24405,-1.32638,-0.275199,-1.46553,-1.81465,-1.41192,-1.16123,-1.02706,-0.420183,-1.09882,-1.04315,-0.0485036,-0.568623,-0.797617,-0.559929,-0.737357,-0.101283,-0.138902,-1.42251
1.22289,-0.294392,0.638,1.41951,0.576311,0.829273,1.15862,-0.775254,1.376,-0.249322,0.371675,0.885959,0.864172,-0.0234182,3.11642,-0.495072,1.28531,0.897907,-0.505717,1.81277,1.89431,1.96029,0.693048,-0.138902,-1.42251
-0.79286,3.38551,0.526938,2.78443,-0.228078,0.829273,-1.24405,1.42926,-0.275199,0.35878,0.371675,1.65192,1.87687,-1.02706,-0.420183,1.31617,-1.04315,-0.225956,-0.805446,0.942638,-0.559929,0.611467,0.639524,-0.138902,-1.42251
-0.79286,-0.294392,-1.99484,-1.9631,-1.23356,-1.45313,-1.24405,-1.32638,-1.92639,-1.46553,-1.81465,-1.41192,-1.16123,-1.02706,-0.420183,-1.09882,-1.04315,-1.05407,-0.557522,-0.797617,-0.559929,-0.737357,-0.101098,-0.138902,0.700639
-0.79286,-0.294392,-1.99484,-0.0640917,0.576311,0.0684721,-1.24405,-0.224126,-0.275199,1.57499,0.371675,0.885959,0.864172,0.980219,-0.420183,-1.09882,-1.04315,0.0106471,-0.520518,-0.797617,-0.559929,0.611467,-0.0831334,-0.138902,0.700639
-0.79286,-0.294392,-1.99484,-1.9631,-0.228078,1.59007,1.15862,0.327003,-1.92639,1.57499,1.10045,0.885959,0.864172,-1.02706,-0.420183,1.31617,0.819616,0.661305,-0.587125,1.81277,-0.559929,0.611467,-0.0838742,-0.138902,-1.42251
1.22289,-0.294392,-1.99484,0.885414,-1.23356,0.829273,1.15862,0.327003,1.376,1.57499,1.10045,1.65192,-0.14853,0.980219,-0.420183,1.31617,1.28531,1.07536,-0.805446,-0.797617,-0.559929,0.611467,0.101328,-0.138902,0.700639
1.22289,-0.294392,0.474673,-0.538845,0.375214,-0.692329,-0.443161,0.327003,-0.275199,-0.249322,-1.08587,-1.41192,-0.14853,-0.0234182,-0.420183,1.31617,1.28531,-0.285106,-0.557522,-0.797617,-0.559929,-0.737357,-0.284077,-0.138902,0.700639
1.22289,-0.294392,0.520404,-0.18278,-1.23356,0.0684721,0.357732,-0.775254,-0.275199,-0.857425,-0.357099,0.12,0.864172,-0.0234182,-0.420183,-0.495072,-0.577456,0.128948,-0.520518,-0.797617,-0.559929,-0.737357,-0.677446,-0.138902,0.700639
-0.79286,-0.294392,0.474673,0.648038,-0.127529,0.0684721,-0.443161,-0.224126,-0.275199,0.35878,-1.81465,-1.41192,0.864172,-1.02706,-0.420183,1.31617,-1.04315,1.31196,-0.509417,0.0725106,2.71238,0.611467,-0.0838742,-0.138902,-1.42251
1.22289,-0.294392,0.500805,1.89426,-0.429175,1.59007,1.15862,0.878131,1.376,-0.249322,1.10045,1.65192,-0.14853,-0.0234182,-0.420183,-1.09882,-1.04315,1.37111,2.22885,0.942638,0.530842,1.96029,-0.268335,2.01637,0.700639
-0.79286,-0.294392,0.55307,-0.0640917,0.576311,0.829273,-0.443161,0.878131,1.376,0.35878,0.371675,0.12,-0.14853,0.980219,3.11642,1.31617,1.28531,0.128948,-0.527919,1.81277,2.167,-0.737357,-0.286115,-0.138902,-1.42251
-0.79286,-0.294392,-1.99484,-0.18278,0.576311,0.829273,-0.443161,0.327003,-0.275199,0.35878,0.371675,0.12,-0.14853,-0.0234182,-0.420183,0.712421,0.819616,-0.935764,1.85882,0.942638,-0.0145436,-0.737357,-0.26852,-0.138902,0.700639
1.22289,-0.294392,0.481206,0.173285,-1.23356,-0.692329,-0.443161,1.42926,1.376,0.35878,0.371675,-0.645958,-0.14853,1.98386,0.590276,0.712421,0.819616,0.957058,1.93282,0.0725106,0.530842,-0.737357,-0.247407,-0.138902,0.700639
1.22289,-0.294392,0.513871,-0.360812,-0.0269805,-0.692329,-0.443161,-0.775254,-0.275199,-0.857425,0.371675,-0.645958,0.864172,-0.0234182,-0.420183,0.712421,-0.111766,0.424702,-0.53902,0.0725106,-0.559929,-0.737357,-0.101283,-0.138902,-1.42251
1.22289,-0.294392,-1.99484,-0.420156,-0.429175,-0.692329,-1.24405,0.327003,-0.275199,-1.46553,-1.81465,-1.41192,0.864172,1.98386,2.35858,-1.09882,-1.04315,0.779606,-0.53902,-0.797617,-0.559929,-0.737357,-0.284077,-0.138902,0.700639
1.22289,-0.294392,0.487739,-0.538845,-0.630272,-0.692329,-0.443161,-0.775254,-0.275199,-0.857425,0.371675,-1.41192,-0.14853,-0.0234182,-0.420183,0.712421,-0.111766,0.0106471,-0.572323,0.942638,1.67615,-0.737357,-0.101283,-0.138902,-1.42251
1.22289,-0.294392,0.422408,-0.18278,-0.228078,0.829273,-1.24405,-1.32638,-0.275199,0.35878,-1.81465,0.885959,0.864172,0.980219,1.85335,1.31617,0.819616,0.0697978,-0.524218,-0.797617,-0.559929,1.96029,-0.268335,-0.138902,-1.42251
-0.79286,-0.294392,0.474673,-0.538845,0.174117,-0.692329,-0.443161,-0.775254,-0.275199,-0.857425,-0.357099,-0.645958,0.864172,-1.02706,-0.420183,-0.495072,-0.577456,0.24725,-0.587125,0.942638,3.25777,-0.737357,-0.677446,-0.138902,-1.42251
-0.79286,-0.294392,0.46814,-0.301468,-1.23356,-1.45313,-1.24405,-1.32638,-1.92639,-1.46553,-1.81465,-1.41192,-1.16123,-1.02706,-0.420183,-1.09882,-1.04315,-2.47368,-0.805446,-0.797617,-0.559929,0.611467,-0.286115,-0.138902,0.700639
-0.79286,-0.294392,0.494272,-0.420156,-0.0269805,-0.692329,-0.443161,1.42926,-0.275199,0.966883,0.371675,-0.645958,0.864172,1.98386,3.11642,-0.495072,-1.04315,0.720455,-0.527919,0.942638,0.858073,0.611467,-0.2863,-0.138902,-1.42251
-0.79286,3.38551,-1.99484,-1.9631,-1.23356,-1.45313,-1.24405,-1.32638,-1.92639,-1.46553,-1.81465,-1.41192,-1.16123,-1.02706,-0.420183,-1.09882,-1.04315,-0.285106,-0.624128,-0.797617,-0.559929,0.611467,1.38274,-0.138902,0.700639
-0.79286,3.38551,0.598802,1.0041,-1.23356,0.829273,1.15862,1.42926,1.376,-0.249322,0.371675,-1.41192,-1.16123,-1.02706,-0.420183,-1.09882,-1.04315,0.365551,1.30376,0.942638,0.530842,1.96029,-0.418164,-0.138902,0.700639
-0.79286,-0.294392,0.461607,-0.835565,-0.228078,0.829273,1.15862,-0.775254,-0.275199,0.35878,0.371675,0.12,-1.16123,-1.02706,-0.420183,0.712421,-1.04315,-0.285106,1.7108,-0.797617,-0.559929,-0.737357,-0.0838742,-0.138902,0.700639
1.22289,-0.294392,0.533471,-0.420156,-0.228078,0.0684721,-1.24405,-0.775254,-0.275199,-0.857425,-1.08587,-0.645958,-0.14853,-0.0234182,-0.420183,-0.495072,-0.577456,-0.521709,2.04384,-0.797617,-0.559929,-0.737357,-0.677446,-0.138902,0.700639
-0.79286,-0.294392,-1.99484,-1.9631,-1.23356,0.829273,1.15862,0.327003,3.02719,1.57499,0.371675,0.885959,1.87687,0.980219,-0.420183,1.31617,1.28531,0.24725,-0.587125,-0.797617,-0.559929,0.611467,-0.117211,-0.138902,0.700639
-0.79286,-0.294392,0.455074,0.885414,-0.328626,-0.692329,1.15862,1.98039,1.376,0.35878,1.10045,0.12,0.864172,1.98386,2.10596,-1.09882,0.819616,1.60772,-0.476114,1.81277,-0.559929,-0.737357,-0.26852,-0.138902,-1.42251
-0.79286,-0.294392,0.38321,0.944758,0.526036,0.829273,1.15862,0.878131,-0.275199,0.966883,0.371675,0.12,-1.16123,-1.02706,-0.420183,1.31617,0.819616,0.306401,-0.568623,1.81277,1.40346,0.611467,-0.269076,-0.138902,-1.42251
-0.79286,-0.294392,0.442007,-0.776221,-1.23356,-1.45313,1.15862,-0.775254,-0.275199,-0.249322,0.371675,0.12,1.87687,-0.0234182,-0.420183,0.712421,1.28531,-0.344257,-0.805446,1.81277,0.530842,-0.737357,-0.101283,-0.138902,0.700639
-0.79286,3.38551,0.494272,1.0041,2.78838,0.829273,-0.443161,-0.224126,-0.275199,0.35878,1.10045,-0.645958,-1.16123,-1.02706,-0.420183,-0.495072,-1.04315,-0.344257,-0.594525,-0.797617,-0.559929,-0.737357,-0.101283,-0.138902,0.700639
-0.79286,-0.294392,0.487739,-1.9631,-0.0269805,0.829273,1.15862,1.98039,1.376,1.57499,-1.81465,1.65192,-0.14853,-0.0234182,-0.420183,-1.09882,-1.04315,1.54856,-0.516818,-0.797617,-0.559929,0.611467,-0.0838742,-0.138902,0.700639
-0.79286,-0.294392,0.474673,-0.18278,2.78838,-0.692329,1.15862,-0.224126,1.376,-0.249322,0.371675,0.885959,-1.16123,0.980219,2.35858,1.31617,-1.04315,-0.107654,-0.63893,0.942638,-0.559929,-0.737357,0.286715,-0.138902,-1.42251
1.22289,-0.294392,0.487739,-0.360812,0.274665,0.0684721,1.15862,0.327003,3.02719,0.35878,-1.08587,0.12,0.864172,0.980219,-0.420183,-1.09882,0.819616,0.188099,-0.576024,-0.797617,-0.559929,-0.737357,-0.603365,-0.138902,0.700639
-0.79286,-0.294392,-1.99484,0.648038,0.777408,0.829273,1.15862,0.878131,1.376,1.57499,1.10045,0.885959,1.87687,-1.02706,-0.420183,1.31617,1.28531,0.483853,-0.520518,1.81277,0.203611,0.611467,0.101328,-0.138902,-1.42251
1.22289,-0.294392,-1.99484,-0.776221,-0.429175,-1.45313,-1.24405,-1.32638,-0.275199,-1.46553,-1.81465,-1.41192,-1.16123,-1.02706,-0.420183,-1.09882,-1.04315,0.483853,-0.546421,0.942638,1.56707,1.96029,-0.26852,-0.138902,-1.42251
1.22289,-0.294392,0.55307,-0.0640917,0.777408,-0.692329,-0.443161,1.42926,-0.275199,0.35878,0.371675,0.12,0.864172,-0.0234182,-0.420183,0.712421,0.353925,0.0106471,-0.527919,0.942638,0.694458,-0.737357,0.248563,-0.138902,-1.42251
1.22289,-0.294392,0.507338,-0.716877,-0.73082,-0.692329,-0.443161,-0.775254,-0.275199,-0.857425,-1.08587,-0.645958,-1.16123,-1.02706,-0.420183,-1.09882,-1.04315,-0.225956,1.45178,-0.797617,-0.559929,-0.737357,-0.677446,-0.138902,0.700639
1.22289,-0.294392,0.487739,-0.420156,-0.429175,-1.45313,-1.24405,-1.32638,-1.92639,-0.249322,-1.81465,-1.41192,-1.16123,1.98386,0.085047,-0.495072,-0.577456,0.661305,2.37687,-0.797617,-0.559929,-0.737357,-0.247407,-0.138902,0.700639
1.22289,-0.294392,0.638,1.41951,0.576311,0.829273,1.15862,-0.775254,1.376,-0.249322,0.371675,0.885959,0.864172,-0.0234182,3.11642,-0.495072,1.28531,0.897907,-0.505717,1.81277,1.89431,0.611467,-0.0838742,-0.138902,-1.42251
1.22289,-0.294392,0.540004,-0.479501,-0.228078,0.829273,-0.443161,-0.775254,-0.275199,-0.857425,-1.08587,-0.645958,0.864172,-0.0234182,-0.420183,0.712421,-0.577456,0.0106471,-0.576024,-0.797617,-0.559929,-0.737357,-0.677446,-0.138902,0.700639
1.22289,-0.294392,-1.99484,-1.9631,-1.23356,0.829273,1.15862,-0.775254,-0.275199,1.57499,0.371675,0.885959,-0.14853,-0.0234182,-0.420183,1.31617,1.28531,-0.225956,-0.564922,-0.797617,-0.559929,0.611467,-0.0838742,-0.138902,0.700639
1.22289,-0.294392,0.455074,-0.538845,0.274665,1.59007,-0.443161,0.327003,-0.275199,-1.46553,-0.357099,-0.645958,-0.14853,-0.0234182,-0.420183,-0.495072,-0.577456,0.365551,-0.487215,-0.797617,-0.559929,-0.737357,-0.677446,-0.138902,0.700639
-0.79286,-0.294392,0.442007,-0.538845,-0.228078,-1.45313,-0.443161,-0.224126,-0.275199,0.35878,0.371675,0.885959,0.864172,-0.0234182,-0.420183,0.712421,1.28531,-0.0485036,1.74781,-0.797617,-0.559929,-0.737357,-0.0838742,-0.138902,0.700639
1.22289,-0.294392,-1.99484,0.52935,0.576311,-1.45313,-1.24405,0.327003,-0.275199,-1.46553,0.371675,-0.645958,0.864172,-0.0234182,-0.420183,0.712421,-0.111766,0.128948,-0.490915,-0.797617,-0.559929,-0.737357,-0.101283,-0.138902,0.700639
-0.79286,-0.294392,0.494272,0.648038,0.375214,0.829273,1.15862,0.878131,-0.275199,-0.249322,0.371675,0.885959,-1.16123,1.98386,0.085047,1.31617,1.28531,0.779606,1.41477,-0.797617,-0.559929,1.96029,-0.0838742,-0.138902,0.700639
1.22289,-0.294392,0.46814,-0.657533,0.777408,0.0684721,-0.443161,0.327003,-0.275199,-0.857425,0.371675,0.12,-0.14853,-0.0234182,-0.420183,-0.495072,1.28531,-0.0485036,1.41477,-0.797617,-0.559929,-0.737357,-0.677446,-0.138902,0.700639
1.22289,-0.294392,0.592268,1.24148,1.33042,0.829273,1.15862,1.98039,1.376,-0.249322,1.10045,0.885959,-0.14853,0.980219,-0.420183,0.712421,1.28531,1.01621,-0.509417,0.942638,0.858073,-0.737357,0.118922,-0.138902,-1.42251
-0.79286,-0.294392,0.500805,-0.776221,-0.429175,0.829273,1.15862,-0.775254,-0.275199,-0.857425,0.371675,-1.41192,-1.16123,-1.02706,-0.420183,-0.495072,-0.577456,-0.462558,1.63679,-0.797617,-0.559929,-0.737357,-0.677446,-0.138902,0.700639
-0.79286,-0.294392,-1.99484,-0.18278,-0.228078,1.59007,1.15862,0.878131,1.376,1.57499,1.10045,-1.41192,-1.16123,-0.0234182,-0.420183,1.31617,1.28531,-2.47368,-0.805446,-0.797617,-0.559929,1.96029,-0.0838742,-0.138902,0.700639
1.22289,-0.294392,0.507338,-0.776221,-0.429175,0.829273,-1.24405,-0.775254,-0.275199,-0.249322,-1.81465,-1.41192,-1.16123,-1.02706,-0.420183,-1.09882,-1.04315,-0.285106,1.30376,-0.797617,-0.559929,-0.737357,-0.677446,-0.138902,0.700639
-0.79286,3.38551,0.487739,2.19098,2.18509,-0.692329,-0.443161,-0.775254,-0.275199,0.35878,0.371675,0.12,-1.16123,-1.02706,-0.420183,0.108674,-0.577456,-0.166805,-0.609327,-0.797617,-0.559929,-0.737357,0.639524,-0.138902,0.700639
-0.79286,-0.294392,0.474673,-0.420156,-0.0269805,-0.692329,1.15862,0.327003,-0.275199,0.966883,1.10045,-0.645958,0.864172,1.98386,2.45963,0.108674,1.28531,0.365551,-0.561222,0.0725106,1.458,0.611467,0.322644,-0.138902,0.700639
-0.79286,-0.294392,-1.99484,0.113941,0.576311,-0.692329,-1.24405,0.327003,1.376,-0.249322,0.371675,0.12,0.864172,-1.02706,-0.420183,1.31617,1.28531,-0.344257,-0.53532,-0.797617,-0.559929,-0.737357,5.08418,-0.138902,0.700639
-0.79286,-0.294392,0.507338,-0.420156,3.59277,-1.45313,1.15862,0.327003,-0.275199,-1.46553,-1.81465,-1.41192,-0.14853,-0.0234182,-0.420183,-0.495072,-1.04315,0.0697978,-0.579724,-0.797617,-0.559929,-0.737357,-0.0831334,-0.138902,-1.42251
1.22289,-0.294392,0.442007,-0.479501,0.375214,-0.692329,-0.443161,0.327003,-0.275199,-0.857425,0.371675,0.12,-1.16123,-1.02706,-0.420183,-0.495072,-1.04315,0.128948,-0.546421,-0.797617,-0.559929,-0.737357,-0.677446,-0.138902,0.700639
-0.79286,-0.294392,0.533471,-0.18278,0.375214,1.59007,1.15862,-0.224126,1.376,0.966883,1.10045,1.65192,-1.16123,-1.02706,-0.420183,1.31617,1.28531,0.661305,1.56279,1.81277,0.530842,1.96029,-0.0838742,-0.138902,0.700639
-0.79286,3.38551,0.513871,0.52935,0.777408,0.829273,1.15862,-0.224126,-0.275199,0.35878,0.371675,0.885959,-0.14853,-0.0234182,-0.420183,-1.09882,-1.04315,-0.344257,-0.561222,0.942638,0.96715,0.611467,-0.269076,-0.138902,-1.42251
-0.79286,-0.294392,-1.99484,0.113941,-0.429175,0.829273,1.95952,1.42926,1.376,-0.249322,0.371675,0.12,0.864172,-0.0234182,-0.420183,1.31617,1.28531,1.07536,-0.527919,-0.797617,-0.559929,0.611467,-0.2863,-0.138902,0.700639
-0.79286,-0.294392,0.507338,-0.776221,-0.429175,0.829273,-1.24405,-1.32638,-0.275199,-0.857425,0.371675,0.12,-1.16123,-1.02706,-0.420183,-1.09882,-1.04315,-0.225956,1.34077,0.0725106,0.530842,-0.737357,-0.101283,10.8084,0.700639
-0.79286,-0.294392,-1.99484,-0.776221,-1.23356,0.0684721,-0.443161,-0.775254,-0.275199,-0.857425,0.371675,-0.645958,-0.14853,-0.0234182,-0.420183,-1.09882,1.28531,-0.166805,1.26676,-0.797617,-0.559929,-0.737357,-0.101283,-0.138902,0.700639
-0.79286,-0.294392,0.409342,-0.18278,0.174117,-1.45313,-1.24405,-1.32638,-1.92639,-1.46553,-1.81465,-1.41192,-1.16123,-1.02706,-0.420183,-1.09882,-1.04315,-2.47368,-0.805446,-0.797617,4.89393,0.611467,-0.0838742,-0.138902,-1.42251
-0.79286,-0.294392,0.513871,-0.657533,-0.0269805,0.829273,-1.24405,0.878131,-1.92639,1.57499,1.10045,0.885959,0.864172,-0.0234182,-0.420183,1.31617,1.28531,0.483853,2.04384,-0.797617,-0.559929,-0.737357,-0.0838742,-0.138902,0.700639
1.22289,-0.294392,-1.99484,-1.9631,0.777408,0.829273,-0.443161,-0.775254,-0.275199,0.35878,0.371675,0.12,-1.16123,-1.02706,-0.420183,-1.09882,-1.04315,0.188099,1.78481,-0.797617,-0.559929,-0.737357,-0.677446,-0.138902,0.700639
-0.79286,-0.294392,0.487739,-0.657533,-0.630272,-0.692329,-0.443161,-0.775254,-0.275199,0.35878,0.371675,0.885959,0.864172,-0.0234182,-0.420183,1.31617,1.28531,0.0106471,1.59979,-0.797617,-0.559929,-0.737357,-0.0838742,4.65043,0.700639
1.22289,-0.294392,0.585735,-1.9631,-1.23356,0.829273,1.15862,0.878131,1.376,0.35878,1.10045,0.885959,-1.16123,1.98386,2.35858,1.31617,1.28531,-2.47368,-0.557522,0.0725106,-0.559929,1.96029,0.101328,-0.138902,0.700639
-0.79286,-0.294392,0.389743,0.351317,0.274665,-0.692329,-1.24405,-0.775254,-0.275199,1.57499,0.371675,-0.645958,-1.16123,-0.0234182,-0.420183,-1.09882,-1.04315,-0.462558,1.96983,0.942638,-0.0145436,-0.737357,-0.101098,9.27041,0.700639
1.22289,-0.294392,0.494272,-0.301468,-0.228078,0.0684721,-0.443161,-0.224126,-0.275199,-0.857425,0.371675,-0.645958,-0.14853,-0.0234182,-0.420183,-1.09882,-1.04315,0.24725,1.78481,-0.797617,-0.559929,-0.737357,-0.677446,-0.138902,0.700639
-0.79286,-0.294392,0.579202,-0.360812,2.08454,-0.692329,-0.443161,-0.224126,-0.275199,-0.249322,0.371675,0.12,-0.14853,-0.0234182,-0.420183,0.712421,0.819616,-0.166805,-0.583424,0.942638,-0.559929,-0.737357,-0.268891,-0.138902,-1.42251
-0.79286,-0.294392,0.507338,0.410661,0.777408,-1.45313,-1.24405,1.98039,1.376,0.966883,0.371675,-0.645958,-1.16123,0.980219,-0.420183,-0.495072,0.819616,1.48941,-0.428009,0.942638,-0.0145436,1.96029,-0.26852,-0.138902,0.700639
1.22289,-0.294392,0.533471,-0.776221,0.174117,0.0684721,-0.443161,-0.775254,-0.275199,0.35878,-1.08587,-0.645958,-1.16123,-1.02706,-0.420183,-0.495072,-1.04315,-0.166805,1.48878,0.0725106,-0.0145436,-0.737357,-0.677446,-0.138902,0.700639
-0.79286,-0.294392,0.500805,-0.0640917,-0.0269805,-0.692329,-0.443161,0.327003,-0.275199,0.966883,1.10045,0.885959,0.864172,-0.0234182,-0.420183,1.31617,0.819616,0.188099,-0.527919,0.0725106,0.530842,0.611467,-0.0838742,-0.138902,-1.42251
1.22289,-0.294392,0.461607,-0.538845,-0.228078,0.829273,-0.443161,0.878131,-0.275199,-0.857425,-1.08587,0.885959,0.864172,-0.0234182,-0.420183,-0.495072,-0.577456,-0.285106,-0.601926,-0.797617,-0.559929,1.96029,-0.269076,-0.138902,0.700639
-0.79286,-0.294392,0.487739,-0.716877,2.18509,1.59007,-0.443161,-0.775254,-0.275199,0.35878,0.371675,0.12,0.864172,0.980219,-0.420183,1.31617,0.819616,-0.0485036,-0.524218,-0.797617,-0.559929,-0.737357,-0.269076,-0.138902,0.700639
-0.79286,-0.294392,0.533471,-1.9631,-1.23356,0.829273,-0.443161,0.327003,-0.275199,1.57499,1.10045,0.12,-1.16123,-1.02706,-0.420183,-1.09882,-1.04315,-0.521709,-0.564922,0.942638,-0.559929,-0.737357,5.08418,-0.138902,0.700639
-0.79286,-0.294392,0.44854,-0.479501,0.375214,0.829273,1.15862,-1.32638,-0.275199,0.966883,1.10045,-0.645958,0.864172,-0.0234182,-0.420183,-0.495072,-1.04315,0.188099,-0.513117,0.942638,-0.0145436,-0.737357,-0.26852,-0.138902,-1.42251
-0.79286,-0.294392,0.44854,0.52935,-0.228078,-1.45313,-1.24405,0.327003,-0.275199,-0.249322,0.371675,0.885959,-1.16123,-1.02706,-0.420183,-1.09882,-1.04315,-0.64001,1.45178,-0.797617,-0.0145436,1.96029,-0.26852,-0.138902,0.700639
-0.79286,-0.294392,0.513871,-0.509173,-1.23356,-1.45313,-1.24405,-0.775254,-0.275199,-1.46553,-1.81465,-0.645958,0.864172,-0.0234182,-0.420183,-1.09882,-1.04315,0.128948,-0.524218,-0.797617,-0.559929,-0.737357,-0.268891,-0.138902,0.700639
-0.79286,-0.294392,0.474673,-1.07294,-0.630272,-1.45313,-1.24405,-1.32638,-1.92639,-1.46553,-1.81465,-1.41192,-1.16123,-1.02706,-0.420183,-1.09882,-1.04315,-2.47368,-0.805446,-0.797617,-0.559929,0.611467,-0.286115,-0.138902,0.700639
1.22289,-0.294392,0.461607,0.648038,0.576311,0.829273,-0.443161,-0.775254,-0.275199,0.35878,0.371675,0.12,-0.14853,1.98386,0.337662,-1.09882,-1.04315,0.128948,-0.583424,-0.797617,-0.559929,0.611467,-0.418164,-0.138902,0.700639
-2.80861,-0.294392,0.487739,-0.538845,-0.228078,0.829273,-0.443161,0.327003,-0.275199,0.966883,0.371675,-0.645958,0.864172,-0.0234182,-0.420183,0.712421,1.28531,0.0697978,1.89582,0.942638,-0.0145436,-2.08618,-0.101283,-0.138902,0.700639
1.22289,-0.294392,0.481206,-0.776221,-0.0269805,-0.692329,-0.443161,-0.775254,-0.275199,-0.249322,0.371675,-0.645958,-1.16123,-1.02706,-0.420183,-1.09882,0.353925,-0.107654,-0.594525,-0.797617,-0.559929,-0.737357,-0.603365,-0.138902,0.700639
-0.79286,-0.294392,-1.99484,1.0041,-1.23356,0.829273,-1.24405,0.878131,1.376,1.57499,1.10045,-1.41192,0.864172,-1.02706,-0.420183,0.108674,-1.04315,1.01621,-0.572323,-0.797617,-0.559929,0.611467,0.101328,-0.138902,0.700639
-0.79286,3.38551,0.494272,2.0723,1.1796,0.829273,1.15862,0.327003,-0.275199,1.57499,-1.08587,0.885959,0.864172,0.980219,1.80283,0.108674,-1.04315,-0.521709,-0.624128,0.942638,1.02169,0.611467,-0.269076,-0.138902,-1.42251
-0.79286,-0.294392,-1.99484,-1.9631,-1.23356,0.829273,1.15862,0.327003,1.376,1.57499,0.371675,0.885959,1.87687,0.980219,-0.420183,1.31617,1.28531,0.24725,-0.587125,-0.797617,-0.559929,0.611467,-0.117211,-0.138902,0.700639
-0.79286,-0.294392,0.487739,-0.538845,-1.23356,-0.692329,-0.443161,-0.775254,-0.275199,-0.857425,-0.357099,1.65192,0.864172,0.980219,-0.420183,1.31617,1.28531,-2.47368,-0.805446,-0.797617,-0.559929,-0.737357,-0.101283,-0.138902,0.700639
1.22289,-0.294392,0.487739,-0.301468,-1.23356,-0.692329,0.357732,0.327003,-0.275199,-0.857425,-1.08587,-0.645958,-0.14853,-0.0234182,-0.420183,-0.495072,-0.577456,0.0106471,1.82181,-0.797617,-0.559929,-0.737357,-0.677446,-0.138902,0.700639
1.22289,-0.294392,0.487739,-0.18278,0.375214,-0.692329,-0.443161,-1.32638,-0.275199,0.35878,0.371675,-1.41192,-0.14853,-0.0234182,-0.420183,-1.09882,-1.04315,0.483853,-0.546421,0.0725106,-0.0145436,-0.737357,-0.677446,-0.138902,0.700639
-0.79286,-0.294392,0.494272,-0.657533,-0.781095,0.829273,-0.443161,-0.775254,-0.275199,-0.249322,-0.357099,-0.645958,-0.14853,-0.0234182,-0.420183,1.31617,1.28531,-0.64001,-0.53532,-0.797617,-0.559929,-0.737357,0.271528,-0.138902,0.700639
1.22289,-0.294392,0.357077,-0.716877,0.274665,-1.45313,-1.24405,1.42926,-0.275199,-1.46553,-1.81465,-1.41192,-1.16123,-1.02706,-0.420183,-1.09882,-1.04315,1.31196,-0.553821,-0.797617,-0.559929,0.611467,-0.418164,-0.138902,0.700639
-0.79286,-0.294392,-1.99484,1.59754,-1.23356,1.59007,1.15862,1.98039,1.376,1.57499,1.10045,1.65192,-1.16123,-1.02706,-0.420183,1.31617,1.28531,0.897907,-0.63893,1.81277,1.56707,0.611467,-0.0838742,-0.138902,-1.42251
-0.79286,-0.294392,0.474673,-0.538845,0.174117,-0.692329,-0.443161,-0.775254,1.376,-0.857425,-0.357099,-0.645958,0.864172,-1.02706,-0.420183,-0.495072,-0.577456,0.24725,-0.587125,0.942638,3.25777,-0.737357,-0.677446,-0.138902,-1.42251
-0.79286,-0.294392,0.428941,0.52935,0.777408,0.829273,1.15862,1.98039,-0.275199,-0.249322,1.10045,1.65192,1.87687,0.980219,0.590276,1.31617,1.28531,1.96262,2.19185,-0.797617,-0.559929,1.96029,-0.418164,-0.138902,0.700639
1.22289,-0.294392,-1.99484,0.410661,0.375214,0.829273,1.15862,-0.224126,-0.275199,-0.249322,0.371675,0.885959,0.864172,-0.0234182,-0.420183,0.712421,-1.04315,0.483853,2.15485,-0.797617,-0.559929,-0.737357,-0.677446,-0.138902,0.700639
-0.79286,-0.294392,0.500805,-0.538845,-1.23356,-0.692329,1.15862,0.327003,-0.275199,0.35878,1.10045,1.65192,-0.14853,1.98386,0.590276,1.31617,1.28531,0.0106471,1.82181,-0.797617,-0.559929,-0.737357,-0.101283,-0.138902,0.700639
1.22289,-0.294392,0.487739,-0.657533,-0.630272,0.0684721,-0.443161,0.327003,-0.275199,0.35878,1.10045,0.885959,-0.14853,0.980219,2.86381,-0.495072,0.819616,-0.521709,-0.564922,-0.797617,-0.559929,0.611467,-0.268335,-0.138902,0.700639
-0.79286,-0.294392,0.507338,1.95361,-1.23356,-1.45313,1.15862,1.98039,1.376,-0.249322,1.10045,0.12,0.864172,1.98386,2.71224,1.31617,0.819616,0.897907,-0.509417,-0.797617,2.27608,-0.737357,-0.2863,-0.138902,-1.42251
1.22289,-0.294392,0.533471,-0.538845,-0.0269805,-1.45313,-1.24405,-1.32638,-1.92639,-0.857425,-1.08587,-1.41192,-0.14853,-0.0234182,-0.420183,-0.495072,-1.04315,-0.462558,1.52578,-0.797617,-0.559929,-0.737357,-0.677446,-0.138902,0.700639
1.22289,-0.294392,0.546537,-0.657533,-0.529723,0.829273,-0.443161,-0.775254,-0.275199,-0.249322,0.371675,0.12,-1.16123,-1.02706,-0.420183,-1.09882,-0.111766,-0.521709,1.56279,-0.797617,-0.559929,-0.737357,-0.677446,-0.138902,0.700639
-0.79286,-0.294392,0.572669,-1.9631,-1.23356,1.59007,1.15862,1.98039,1.376,0.966883,1.10045,0.12,-0.14853,1.98386,1.60074,1.31617,0.819616,1.96262,-0.805446,1.81277,1.78523,0.611467,-0.268706,-0.138902,-1.42251
-0.79286,-0.294392,-1.99484,1.0041,-1.23356,0.829273,1.15862,0.878131,1.376,-1.46553,1.10045,1.65192,0.864172,-0.0234182,0.590276,-1.09882,-1.04315,1.54856,1.56279,1.81277,0.530842,-0.737357,-0.268335,-0.138902,0.700639
1.22289,-0.294392,0.526938,-0.538845,-0.228078,0.829273,-0.443161,-0.775254,-0.275199,-0.857425,0.371675,0.12,0.864172,-0.0234182,-0.420183,0.712421,-0.111766,0.483853,-0.53532,0.0725106,-0.559929,-0.737357,-0.101283,-0.138902,-1.42251
1.22289,-0.294392,0.540004,-0.538845,0.777408,-0.692329,-0.443161,0.327003,-0.275199,0.35878,0.371675,1.65192,0.864172,-1.02706,-0.420183,-1.09882,1.28531,-0.0485036,1.59979,-0.797617,-0.559929,-0.737357,0.0863263,-0.138902,0.700639
1.22289,-0.294392,0.487739,-0.538845,-0.228078,0.829273,1.15862,0.878131,-0.275199,-0.857425,1.10045,0.12,0.864172,-1.02706,2.10596,-1.09882,-0.111766,0.424702,-0.498316,0.0725106,-0.559929,-0.737357,-0.603365,-0.138902,-1.42251
1.22289,-0.294392,0.526938,-0.420156,-0.228078,-0.692329,-0.443161,-0.775254,-0.275199,0.35878,0.371675,0.12,-0.14853,-0.0234182,-0.420183,-0.495072,0.353925,-0.344257,-0.561222,0.0725106,2.167,-0.737357,-0.677446,-0.138902,-1.42251
-0.79286,-0.294392,0.474673,-0.18278,-0.0269805,-0.692329,-1.24405,0.327003,1.376,-1.46553,1.10045,1.65192,0.864172,1.98386,0.590276,-1.09882,1.28531,0.602154,1.96983,-0.797617,-0.559929,1.96029,-0.269076,-0.138902,0.700639
1.22289,-0.294392,0.487739,-0.716877,0.777408,0.829273,-0.443161,-0.775254,-0.275199,0.35878,0.371675,-0.645958,-1.16123,-1.02706,-0.420183,-1.09882,-1.04315,-2.47368,-0.805446,-0.797617,-0.559929,-0.737357,-0.101283,-0.138902,0.700639
1.22289,-0.294392,-1.99484,-1.9631,-0.630272,-0.692329,-0.443161,-0.224126,-0.275199,-0.249322,-1.08587,0.12,1.87687,-0.0234182,-0.420183,-0.495072,0.353925,0.128948,-0.527919,0.942638,-0.559929,-0.737357,-0.677446,-0.138902,-1.42251
-0.79286,-0.294392,-1.99484,-1.9631,-1.23356,-1.45313,-1.24405,-1.32638,-1.92639,0.966883,-1.81465,-1.41192,-0.14853,-0.0234182,-0.420183,-1.09882,1.28531,-0.403408,1.34077,0.942638,-0.0145436,-0.737357,0.101328,-0.138902,0.700639
-0.79286,-0.294392,0.507338,-0.716877,-0.0269805,-1.45313,-1.24405,-1.32638,-0.275199,-1.46553,-1.81465,-1.41192,-1.16123,-1.02706,-0.420183,-1.09882,-1.04315,-0.107654,-0.490915,-0.797617,-0.559929,0.611467,0.639895,-0.138902,0.700639
1.22289,-0.294392,0.585735,-0.18278,-0.73082,0.829273,-1.24405,-1.32638,1.376,0.35878,0.371675,0.12,0.864172,-0.0234182,-0.420183,0.712421,-1.04315,-0.225956,1.26676,0.0725106,-0.559929,-0.737357,-0.677446,-0.138902,0.700639
-0.79286,-0.294392,0.487739,-0.00474753,-0.228078,-0.692329,1.15862,0.327003,-0.275199,1.57499,0.371675,-0.645958,-0.14853,-0.0234182,-0.420183,0.712421,-1.04315,0.24725,0.896722,1.81277,0.530842,1.96029,0.472472,-0.138902,0.700639
-0.79286,-0.294392,0.533471,0.291973,-1.23356,-0.692329,-0.443161,1.42926,1.376,0.35878,0.371675,0.12,0.864172,0.980219,-0.420183,1.31617,0.819616,0.483853,-0.509417,-0.797617,-0.559929,-0.737357,-0.26852,-0.138902,-1.42251
-0.79286,-0.294392,0.579202,1.59754,1.1796,-1.45313,-1.24405,1.42926,-0.275199,-1.46553,0.371675,0.885959,-0.14853,-1.02706,-0.420183,1.31617,-1.04315,0.838757,1.56279,0.0725106,0.530842,1.96029,-0.418164,-0.138902,0.700639
-0.79286,-0.294392,0.507338,-0.776221,-0.328626,-0.692329,-0.443161,-0.775254,-0.275199,0.35878,-1.08587,-0.645958,-1.16123,-1.02706,-0.420183,0.108674,-0.577456,0.0697978,-0.587125,0.0725106,-0.559929,-0.737357,-0.677446,-0.138902,-1.42251
1.22289,-0.294392,-1.99484,-0.657533,-0.0269805,-0.692329,-0.443161,-0.775254,-0.275199,0.35878,0.371675,-0.645958,0.864172,-0.0234182,-0.420183,-1.09882,-0.577456,-2.47368,-0.572323,-0.797617,-0.559929,-0.737357,-0.101283,-0.138902,0.700639
-0.79286,-0.294392,0.513871,1.12279,0.777408,-0.692329,-0.443161,0.327003,-0.275199,-0.249322,1.10045,0.12,0.864172,1.98386,2.86381,-1.09882,0.819616,0.779606,-0.490915,-0.797617,-0.559929,-0.737357,-0.284077,-0.138902,0.700639
-0.79286,-0.294392,-1.99484,-0.0344196,-0.0269805,-1.45313,-1.24405,-1.32638,1.376,1.57499,-1.81465,1.65192,1.87687,-0.0234182,-0.420183,-1.09882,1.28531,-2.47368,-0.805446,-0.797617,-0.559929,1.96029,-0.0838742,-0.138902,0.700639
1.22289,-0.294392,0.455074,-0.657533,-0.228078,-0.692329,-0.443161,0.327003,-0.275199,-1.46553,-1.08587,-0.645958,-1.16123,-1.02706,-0.420183,-0.495072,-1.04315,-0.403408,-0.53902,-0.797617,-0.559929,-0.737357,-0.677446,-0.138902,0.700639
1.22289,-0.294392,0.55307,0.588694,-0.429175,0.829273,1.15862,1.42926,-1.92639,0.35878,0.371675,0.885959,-1.16123,0.980219,-0.420183,-1.09882,-1.04315,1.54856,-0.590825,1.81277,2.71238,0.611467,0.322644,-0.138902,-1.42251
-0.79286,-0.294392,0.520404,1.86459,1.1796,0.829273,1.15862,0.327003,-0.275199,-0.249322,1.10045,0.885959,-0.14853,1.98386,0.590276,-1.09882,-1.04315,0.897907,1.63679,1.81277,0.530842,-0.737357,-0.268891,-0.138902,0.700639
-0.79286,-0.294392,-1.99484,1.12279,-1.23356,0.829273,1.15862,1.42926,1.376,-0.249322,1.10045,0.885959,-1.16123,1.98386,-0.420183,1.31617,0.819616,1.60772,-0.487215,0.942638,1.29438,0.611467,-0.268706,-0.138902,-1.42251
1.22289,-0.294392,-1.99484,-1.9631,-1.23356,0.829273,1.95952,1.98039,-1.92639,0.966883,-1.81465,1.65192,-1.16123,-1.02706,-0.420183,-1.09882,-1.04315,-2.47368,-0.805446,-0.797617,-0.559929,0.611467,-0.0477599,-0.138902,-1.42251
-0.79286,-0.294392,-1.99484,-1.9631,-1.23356,-1.45313,-1.24405,-1.32638,-1.92639,-1.46553,-1.81465,-1.41192,-1.16123,-1.02706,-0.420183,-1.09882,-1.04315,-2.47368,-0.805446,-0.797617,-0.559929,-0.737357,-0.26852,-0.138902,0.700639
-0.79286,-0.294392,0.500805,-0.18278,0.274665,-0.692329,-0.443161,0.327003,-0.275199,0.35878,0.371675,-0.645958,0.864172,-0.0234182,-0.420183,0.712421,-0.111766,0.365551,1.63679,-0.797617,-0.559929,-0.737357,0.454508,-0.138902,0.700639
-0.79286,-0.294392,-1.99484,0.0545966,-0.529723,-1.45313,-1.24405,0.878131,-0.275199,0.966883,-1.81465,-1.41192,-1.16123,-0.0234182,1.7523,-1.09882,-1.04315,-2.47368,-0.805446,0.942638,0.96715,0.611467,0.101328,-0.138902,-1.42251
-0.79286,-0.294392,-1.99484,-0.18278,0.274665,0.829273,1.15862,0.878131,1.376,1.57499,1.10045,1.65192,-0.14853,-0.0234182,-0.420183,1.31617,-1.04315,0.188099,1.78481,1.81277,0.530842,-0.737357,0.454322,4.65043,0.700639
1.22289,-0.294392,0.520404,1.0041,-1.23356,0.829273,1.15862,1.42926,1.376,0.966883,0.371675,1.65192,0.864172,-0.0234182,-0.420183,1.31617,1.28531,-2.47368,-0.805446,-0.797617,-0.559929,1.96029,-0.471687,-0.138902,-1.42251
-0.79286,-0.294392,0.513871,0.52935,0.274665,0.829273,-0.443161,1.42926,1.376,0.966883,0.371675,0.885959,0.864172,1.98386,2.86381,1.31617,0.819616,0.306401,-0.527919,1.81277,-0.559929,0.611467,-0.251482,-0.138902,0.700639
1.22289,-0.294392,0.474673,-0.538845,-0.529723,-1.45313,-1.24405,-0.775254,-0.275199,0.35878,-1.81465,0.12,-0.14853,1.98386,2.25753,-0.495072,-1.04315,-0.403408,-0.527919,-0.797617,-0.559929,-0.737357,-0.101283,-0.138902,-1.42251
-0.79286,-0.294392,0.487739,-1.9631,-0.0269805,0.829273,1.15862,1.98039,1.376,1.57499,-1.81465,1.65192,-0.14853,-0.0234182,-0.420183,-1.09882,-1.04315,1.54856,-0.516818,-0.797617,-0.559929,0.611467,-0.269076,-0.138902,0.700639
1.22289,-0.294392,0.474673,-0.301468,-0.429175,-0.692329,-0.443161,-0.224126,-0.275199,-0.249322,-1.08587,-0.645958,0.864172,-0.0234182,-0.420183,-0.495072,-1.04315,0.128948,1.7108,0.0725106,-0.0145436,-0.737357,-0.677446,-0.138902,0.700639
1.22289,-0.294392,0.500805,0.0545966,0.375214,0.0684721,0.357732,-0.224126,-0.275199,-0.857425,-1.08587,-0.645958,1.87687,-0.0234182,-0.420183,-0.495072,-0.577456,0.0697978,1.59979,-0.797617,-0.559929,-0.737357,-0.677446,-0.138902,0.700639
-0.79286,-0.294392,0.520404,1.59754,1.78289,1.59007,1.15862,1.98039,1.376,-1.46553,0.371675,-1.41192,-1.16123,-1.02706,-0.420183,-1.09882,-1.04315,0.720455,-0.805446,-0.797617,-0.559929,-0.737357,0.322644,-0.138902,0.700639
-0.79286,-0.294392,0.572669,-0.0640917,3.29112,0.0684721,1.15862,-0.775254,-0.275199,-1.46553,0.371675,-0.645958,-0.14853,0.980219,-0.420183,-1.09882,-1.04315,-0.166805,-0.557522,-0.797617,-0.559929,-0.737357,3.23217,-0.138902,0.700639
-0.79286,-0.294392,0.513871,0.410661,0.274665,1.59007,1.15862,-0.775254,-0.275199,0.35878,0.371675,0.885959,1.87687,1.98386,-0.420183,1.31617,1.28531,-0.58086,-0.579724,1.81277,1.78523,-0.737357,0.657674,-0.138902,-1.42251
-0.79286,-0.294392,0.520404,-0.18278,-1.23356,-0.692329,-0.443161,-1.32638,-0.275199,-1.46553,-1.08587,-0.645958,-1.16123,-1.02706,-0.420183,-1.09882,-1.04315,-0.521709,1.15575,0.0725106,-0.559929,-0.737357,0.0839187,-0.138902,0.700639
-0.79286,-0.294392,0.507338,-0.18278,-0.429175,0.829273,-0.443161,-0.775254,-0.275199,-0.249322,-1.08587,-0.645958,0.864172,0.980219,1.09551,-0.495072,0.819616,-0.699161,-0.583424,0.0725106,1.07623,-0.737357,5.08418,-0.138902,0.700639
-0.79286,-0.294392,0.428941,-0.776221,-0.831369,-1.45313,-0.443161,0.878131,-0.275199,0.35878,0.371675,-0.645958,-0.14853,-0.0234182,-0.420183,0.712421,0.353925,-1.11322,-0.557522,1.81277,-0.559929,-0.737357,-0.0972088,-0.138902,-1.42251
1.22289,3.38551,-1.99484,1.0041,0.978505,0.0684721,-0.443161,-0.775254,-0.275199,0.966883,-1.08587,-0.645958,-1.16123,-1.02706,-0.420183,-0.495072,-1.04315,-0.285106,-0.631529,-0.797617,-0.559929,-0.737357,0.639524,-0.138902,0.700639
-0.79286,-0.294392,0.500805,-0.538845,-0.328626,-0.692329,-0.443161,-0.775254,-0.275199,0.35878,0.371675,0.885959,-0.14853,0.980219,-0.420183,1.31617,-1.04315,0.365551,1.93282,0.0725106,0.530842,-0.737357,0.269121,-0.138902,0.700639
-0.79286,-0.294392,-1.99484,-0.18278,1.1796,0.829273,1.15862,0.878131,1.376,0.966883,0.371675,1.65192,-1.16123,-1.02706,-0.420183,-1.09882,-1.04315,0.957058,-0.524218,-0.797617,-0.559929,0.611467,-0.0838742,-0.138902,0.700639
1.22289,-0.294392,0.481206,0.648038,-0.0269805,-0.692329,-0.443161,-0.224126,-0.275199,-0.249322,-0.357099,-0.645958,-1.16123,-1.02706,-0.420183,1.31617,-0.577456,-0.285106,1.26676,-0.797617,-0.559929,-0.737357,-0.677446,-0.138902,0.700639
1.22289,-0.294392,0.487739,-0.657533,-0.630272,0.829273,-0.443161,-0.775254,-1.92639,-1.46553,-1.08587,0.12,-1.16123,-1.02706,-0.420183,-0.495072,-1.04315,0.0106471,1.56279,-0.797617,-0.559929,-0.737357,-0.677446,-0.138902,0.700639
1.22289,-0.294392,0.520404,-0.18278,-0.228078,-0.692329,-0.443161,1.42926,1.376,-0.249322,-0.357099,-0.645958,0.864172,-0.0234182,-0.420183,0.108674,0.353925,1.25281,-0.527919,0.942638,0.694458,1.96029,-0.621886,-0.138902,-1.42251
1.22289,-0.294392,0.520404,0.885414,0.576311,0.829273,1.15862,-1.32638,1.376,-0.249322,1.10045,0.12,-0.14853,0.980219,-0.420183,1.31617,1.28531,1.66687,-0.490915,-0.797617,-0.559929,0.611467,-0.418164,-0.138902,-1.42251
1.22289,-0.294392,0.507338,-0.18278,-0.228078,-0.692329,-0.443161,-0.775254,1.376,-0.857425,0.371675,-0.645958,-1.16123,-1.02706,-0.420183,0.712421,-1.04315,-0.462558,1.63679,-0.797617,-0.559929,-0.737357,-0.677446,-0.138902,0.700639
1.22289,-0.294392,0.520404,-0.18278,0.777408,0.829273,-0.443161,-0.224126,-0.275199,-0.249322,-1.08587,0.12,-1.16123,-1.02706,-0.420183,0.712421,-0.111766,0.424702,1.37777,-0.797617,-0.559929,-0.737357,-0.677446,-0.138902,0.700639
-0.79286,-0.294392,0.442007,-0.538845,-0.630272,-0.692329,-1.24405,0.327003,-0.275199,0.35878,-1.08587,0.885959,0.864172,-0.0234182,-0.420183,0.712421,0.353925,-0.107654,-0.561222,0.942638,-0.559929,-0.737357,-0.0838742,-0.138902,-1.42251
-0.79286,-0.294392,0.520404,0.588694,-1.23356,-0.692329,-0.443161,0.327003,-0.275199,0.966883,1.10045,0.885959,0.864172,-0.0234182,-0.420183,0.712421,1.28531,0.188099,-0.531619,0.0725106,1.29438,0.611467,-0.0831334,-0.138902,-1.42251
-0.79286,-0.294392,0.455074,-0.538845,0.777408,-1.45313,-1.24405,-1.32638,-1.92639,-1.46553,-1.81465,-1.41192,-0.14853,-0.0234182,-0.420183,-1.09882,1.28531,-0.0485036,1.22975,1.81277,0.530842,1.96029,-0.26852,-0.138902,0.700639
1.22289,-0.294392,0.435474,-0.894909,-0.781095,-0.692329,-0.443161,-0.775254,-0.275199,-0.249322,0.371675,-0.645958,0.864172,-0.0234182,-0.420183,1.31617,-0.577456,-0.403408,-0.594525,-0.797617,-0.559929,-0.737357,5.08418,-0.138902,0.700639
-0.79286,-0.294392,0.566136,-1.9631,-0.0772548,0.829273,-0.443161,0.327003,-0.275199,0.966883,1.10045,0.12,0.864172,-1.02706,-0.420183,-1.09882,-1.04315,-0.344257,-0.561222,0.0725106,1.07623,-0.737357,-0.100542,-0.138902,-1.42251
1.22289,-0.294392,0.520404,1.0041,-1.23356,0.829273,1.15862,1.42926,1.376,0.966883,0.371675,1.65192,0.864172,-0.0234182,-0.420183,1.31617,1.28531,-2.47368,-0.805446,-0.797617,-0.559929,1.96029,0.0863263,-0.138902,0.700639
-0.79286,-0.294392,0.520404,0.885414,0.274665,0.0684721,1.15862,0.878131,1.376,0.966883,1.10045,0.885959,0.864172,-0.0234182,-0.420183,0.712421,1.28531,0.483853,1.59979,-0.797617,-0.559929,-0.737357,0.454322,4.65196,0.700639
-0.79286,-0.294392,-1.99484,-1.9631,-1.23356,-1.45313,-1.24405,-1.32638,-1.92639,-1.46553,-1.81465,-1.41192,-1.16123,-1.02706,-0.420183,-1.09882,-1.04315,0.188099,-0.483514,-0.797617,-0.559929,0.611467,-0.26852,-0.138902,0.700639
-0.79286,-0.294392,0.474673,0.648038,2.78838,0.829273,1.15862,1.42926,1.376,-1.46553,0.371675,0.885959,0.864172,1.98386,-0.420183,1.31617,1.28531,1.31196,2.48788,-0.797617,-0.559929,1.96029,-0.0838742,-0.138902,0.700639
1.22289,-0.294392,0.455074,-0.657533,-0.73082,0.829273,-0.443161,-0.775254,-0.275199,0.35878,-1.08587,0.12,0.864172,-1.02706,-0.420183,0.712421,0.353925,0.0697978,1.08174,0.0725106,-0.0145436,-0.737357,-0.677446,-0.138902,0.700639
-0.79286,-0.294392,0.481206,0.0545966,-0.228078,-1.45313,-0.443161,-0.224126,-0.275199,-0.249322,1.10045,0.12,-1.16123,-1.02706,-0.420183,-0.495072,1.28531,0.188099,-0.657432,1.81277,0.96715,0.611467,0.322644,-0.138902,-1.42251
-0.79286,-0.294392,0.487739,0.588694,-0.0269805,1.59007,1.15862,0.878131,-0.275199,-0.249322,1.10045,1.65192,-0.14853,-0.0234182,-0.420183,1.31617,1.28531,0.188099,-0.601926,0.0725106,4.94846,0.611467,-0.101283,-0.138902,-1.42251
-0.79286,3.38551,0.546537,1.59754,0.274665,-0.692329,1.15862,-0.224126,1.376,0.35878,0.371675,0.885959,1.87687,-0.0234182,1.09551,-1.09882,-1.04315,0.306401,-0.572323,0.0725106,-0.559929,-0.737357,-0.284077,-0.138902,0.700639
-0.79286,-0.294392,0.461607,-0.627861,-0.630272,0.829273,-0.443161,0.327003,-0.275199,-1.46553,-0.357099,0.12,0.864172,-0.0234182,-0.420183,-0.495072,0.819616,-0.166805,-0.546421,0.942638,0.258149,-0.737357,-0.2863,-0.138902,-1.42251
1.22289,-0.294392,0.526938,-0.301468,0.375214,0.0684721,-0.443161,-0.775254,-0.275199,-0.857425,-1.08587,-0.645958,0.864172,-1.02706,-0.420183,0.108674,-1.04315,-0.107654,-0.546421,0.942638,0.58538,-0.737357,-0.677446,-0.138902,-1.42251
-0.79286,-0.294392,0.474673,-0.776221,-0.630272,-0.692329,-0.443161,-0.775254,-0.275199,-0.857425,-0.357099,-0.645958,0.864172,-0.0234182,-0.420183,-0.495072,-0.111766,-0.225956,-0.546421,-0.797617,-0.559929,-0.737357,-0.101283,-0.138902,0.700639
1.22289,-0.294392,-1.99484,-1.9631,-1.23356,-1.45313,-1.24405,-1.32638,-1.92639,-1.46553,-1.81465,-1.41192,-1.16123,-1.02706,-0.420183,-1.09882,-1.04315,-2.47368,-0.805446,-0.797617,-0.559929,-0.737357,-0.677446,-0.138902,0.700639
-0.79286,-0.294392,0.487739,0.291973,-0.328626,-1.45313,-1.24405,-1.32638,1.376,-1.46553,-1.81465,-1.41192,-1.16123,-1.02706,-0.420183,-1.09882,-1.04315,1.72602,-0.398406,-0.797617,-0.559929,-0.737357,-0.268335,-0.138902,-1.42251
-0.79286,-0.294392,0.494272,-0.776221,0.576311,-0.692329,0.357732,-0.224126,-0.275199,-0.249322,-0.357099,-1.41192,-1.16123,-1.02706,-0.420183,-1.09882,-1.04315,-2.47368,-0.805446,-0.797617,-0.559929,1.96029,-0.101098,-0.138902,0.700639
-0.79286,-0.294392,-1.99484,-0.420156,0.174117,0.829273,1.15862,0.878131,-0.275199,0.35878,1.10045,0.885959,0.864172,-0.0234182,-0.420183,1.31617,0.819616,-0.285106,-0.505717,-0.797617,-0.559929,-0.737357,-0.286485,-0.138902,0.700639
-0.79286,-0.294392,0.566136,0.648038,1.68234,1.59007,1.95952,-1.32638,1.376,1.57499,1.10045,-1.41192,-1.16123,-1.02706,-0.420183,-1.09882,-1.04315,-2.47368,-0.805446,0.942638,0.530842,1.96029,-0.0838742,-0.138902,0.700639
-0.79286,-0.294392,0.520404,0.766726,0.777408,1.59007,1.15862,-1.32638,-0.275199,-0.249322,1.10045,0.885959,-1.16123,-1.02706,-0.420183,1.31617,-1.04315,0.24725,1.6738,0.942638,0.530842,-0.737357,-0.26852,-0.138902,0.700639
-0.79286,-0.294392,-1.99484,1.36017,-0.579998,1.59007,1.95952,0.878131,-0.275199,-0.249322,0.371675,-0.645958,0.864172,-0.0234182,1.85335,1.31617,0.819616,1.07536,-0.572323,1.81277,-0.559929,-0.737357,-0.269076,-0.138902,-1.42251
-0.79286,-0.294392,0.46814,-0.00474753,-0.630272,-0.692329,-0.443161,0.327003,-0.275199,0.35878,0.371675,0.12,0.864172,-1.02706,-0.420183,1.31617,0.819616,-0.610435,-0.576024,0.942638,0.312688,-0.737357,-0.26852,-0.138902,-1.42251
-0.79286,-0.294392,0.540004,-0.479501,-0.529723,-0.692329,-0.443161,-0.775254,-0.275199,0.35878,-1.08587,-0.645958,-0.14853,-0.0234182,-0.420183,0.712421,1.28531,-0.225956,1.34077,-0.797617,-0.559929,-0.737357,-0.101283,-0.138902,0.700639
1.22289,-0.294392,0.513871,-0.360812,-0.0269805,-0.692329,-0.443161,-0.775254,-0.275199,-0.857425,0.371675,-0.645958,0.864172,-0.0234182,-0.420183,0.712421,-0.111766,0.424702,-0.53902,0.0725106,3.80315,-0.737357,-0.101283,-0.138902,-1.42251
-0.79286,-0.294392,0.566136,1.59754,-0.228078,1.59007,1.15862,1.42926,1.376,-0.249322,0.371675,0.885959,-0.14853,1.98386,-0.420183,-1.09882,0.819616,1.07536,-0.479814,1.81277,-0.559929,0.611467,-0.269076,-0.138902,0.700639
-0.79286,3.38551,-1.99484,-1.9631,-1.23356,-1.45313,-1.24405,-1.32638,-1.92639,-1.46553,-1.81465,-1.41192,-1.16123,-1.02706,-0.420183,-1.09882,-1.04315,0.188099,-0.564922,0.942638,-0.559929,-0.737357,0.989371,-0.138902,-1.42251
-0.79286,-0.294392,0.442007,0.707382,0.777408,0.829273,-1.24405,1.98039,1.376,1.57499,1.10045,0.885959,0.864172,0.980219,-0.420183,-0.495072,1.28531,1.37111,1.04474,1.81277,0.530842,1.96029,-0.0838742,-0.138902,0.700639
-0.79286,3.38551,0.520404,1.59754,2.28564,-1.45313,-1.24405,-1.32638,-1.92639,-1.46553,-1.08587,-1.41192,0.864172,-1.02706,-0.420183,-0.495072,-1.04315,-0.403408,1.19275,0.0725106,-0.0145436,-0.737357,0.101328,4.65043,0.700639
-0.79286,-0.294392,0.520404,1.12279,0.777408,0.829273,1.15862,-1.32638,-0.275199,0.966883,0.371675,1.65192,-1.16123,-1.02706,-0.420183,-1.09882,-1.04315,-2.47368,-0.805446,-0.797617,-0.559929,-0.737357,-0.284077,-0.138902,0.700639
1.22289,-0.294392,0.585735,0.766726,0.174117,0.829273,1.15862,1.98039,-0.275199,1.57499,1.10045,-0.645958,-1.16123,1.98386,-0.420183,1.31617,-1.04315,1.78517,-0.568623,-0.797617,1.40346,0.611467,-0.06628,-0.138902,0.700639
-0.79286,-0.294392,0.520404,-1.07294,-0.328626,-1.45313,-1.24405,-1.32638,-1.92639,-1.46553,-1.81465,-1.41192,-1.16123,-1.02706,-0.420183,-1.09882,-1.04315,-0.107654,-0.520518,-0.797617,-0.559929,-0.737357,-0.286115,-0.138902,0.700639
-0.79286,-0.294392,0.507338,0.173285,0.274665,1.59007,1.15862,0.327003,1.376,0.35878,0.371675,0.885959,0.864172,-0.0234182,-0.420183,0.712421,1.28531,0.0697978,-0.546421,0.942638,1.56707,-0.737357,-0.100913,-0.138902,-1.42251
1.22289,-0.294392,0.455074,-0.538845,0.274665,1.59007,-0.443161,0.327003,-0.275199,-1.46553,-0.357099,-0.645958,-0.14853,-0.0234182,-0.420183,-0.495072,-0.577456,0.365551,-0.487215,-0.797617,-0.559929,-0.737357,-0.603365,-0.138902,0.700639
-0.79286,-0.294392,0.494272,-0.420156,-0.0269805,-0.692329,-0.443161,1.42926,-0.275199,0.966883,0.371675,-0.645958,0.864172,1.98386,3.11642,-0.495072,-1.04315,0.720455,-0.527919,0.942638,0.858073,0.611467,-0.268891,-0.138902,-1.42251
1.22289,-0.294392,0.500805,-0.716877,0.073568,-0.692329,-0.443161,-0.775254,-0.275199,0.35878,-1.08587,0.12,-1.16123,-1.02706,-0.420183,-0.495072,-1.04315,-0.344257,-0.550121,-0.797617,-0.559929,-0.737357,-0.101283,-0.138902,0.700639
1.22289,-0.294392,0.481206,-0.360812,0.877956,0.0684721,-0.443161,1.42926,-0.275199,0.35878,-1.08587,-0.645958,-1.16123,-0.0234182,-0.420183,-1.09882,-0.111766,0.306401,1.19275,1.81277,-0.0145436,-0.737357,-0.677446,-0.138902,0.700639
1.22289,-0.294392,0.36361,0.648038,-1.23356,0.829273,1.15862,0.327003,-0.275199,0.35878,0.371675,0.12,0.864172,1.98386,-0.420183,-1.09882,0.819616,0.188099,-0.546421,1.81277,2.05792,1.96029,-0.268335,-0.138902,-1.42251
-0.79286,-0.294392,0.494272,0.113941,-0.127529,-1.45313,-0.443161,-1.32638,-0.275199,1.57499,0.371675,-1.41192,-1.16123,-1.02706,-0.420183,-1.09882,1.28531,-0.344257,1.59979,-0.797617,-0.559929,1.96029,-0.0838742,-0.138902,0.700639
-0.79286,-0.294392,0.487739,0.707382,0.274665,1.59007,1.15862,0.878131,1.376,1.57499,1.10045,1.65192,-1.16123,-1.02706,-0.420183,1.31617,1.28531,0.779606,-0.579724,-0.797617,-0.559929,0.611467,-0.0838742,-0.138902,0.700639
-0.79286,-0.294392,0.500805,-0.420156,-0.429175,-0.692329,-0.443161,-0.224126,-0.275199,-0.857425,-0.357099,-0.645958,-0.14853,-0.0234182,-0.420183,-0.495072,-1.04315,0.0697978,-0.505717,-0.797617,-0.559929,-0.737357,-0.677446,-0.138902,-1.42251
-0.79286,-0.294392,-1.99484,-0.894909,0.375214,-0.692329,-0.443161,0.878131,-0.275199,1.57499,0.371675,0.885959,0.864172,1.98386,1.60074,-1.09882,0.819616,-0.0485036,-0.587125,-0.797617,-0.559929,0.611467,-0.269076,-0.138902,0.700639
-0.79286,-0.294392,0.513871,0.766726,-0.228078,-0.692329,-1.24405,-1.32638,1.376,-1.46553,0.371675,0.885959,-1.16123,-1.02706,-0.420183,-0.495072,-1.04315,-2.47368,-0.805446,-0.797617,-0.559929,-0.737357,-0.26852,-0.138902,-1.42251
-0.79286,3.38551,0.500805,1.71623,3.19057,-0.692329,1.15862,-0.224126,-0.275199,-0.249322,0.371675,1.65192,-1.16123,-1.02706,-0.420183,-1.09882,-1.04315,0.306401,-0.509417,0.0725106,-0.559929,-0.737357,1.06345,-0.138902,-1.42251
1.22289,-0.294392,-1.99484,0.885414,-1.23356,0.829273,1.15862,0.327003,1.376,1.57499,1.10045,1.65192,-1.16123,-0.0234182,-0.420183,1.31617,1.28531,1.07536,-0.805446,-0.797617,-0.559929,0.611467,6.9362,-0.138902,0.700639
-0.79286,-0.294392,0.461607,0.0545966,0.375214,0.829273,-1.24405,0.327003,-0.275199,0.966883,-0.357099,1.65192,0.864172,0.980219,2.86381,-0.495072,1.28531,0.306401,-0.53902,0.0725106,-0.559929,-0.737357,-0.0831334,-0.138902,0.700639
-0.79286,-0.294392,0.494272,0.648038,-0.0269805,0.829273,1.15862,0.878131,-0.275199,1.57499,1.10045,0.885959,0.864172,-0.0234182,-0.420183,0.712421,0.819616,-0.0485036,-0.635229,-0.797617,-0.559929,0.611467,-0.268335,-0.138902,0.700639
-0.79286,-0.294392,0.487739,1.24148,1.78289,0.0684721,1.15862,0.878131,-0.275199,0.966883,0.371675,0.885959,0.864172,-1.02706,-0.420183,0.712421,0.819616,-2.47368,-0.805446,1.81277,-0.559929,-0.737357,-0.269076,-0.138902,0.700639
1.22289,-0.294392,0.500805,-0.538845,-1.23356,0.0684721,-1.24405,-0.775254,1.376,0.35878,0.371675,-0.645958,0.864172,-0.0234182,-0.420183,-1.09882,-0.111766,-0.462558,-0.561222,-0.797617,-0.559929,-0.737357,-0.101283,-0.138902,0.700639
-0.79286,-0.294392,0.572669,1.0041,1.33042,1.59007,1.95952,1.98039,-0.275199,-0.249322,1.10045,-0.645958,-0.14853,1.98386,0.590276,-1.09882,0.819616,1.43026,-0.324399,1.81277,0.530842,1.96029,-0.286115,-0.138902,0.700639
1.22289,-0.294392,0.396276,-0.716877,-0.328626,0.829273,1.15862,-0.224126,-0.275199,-0.857425,1.10045,-0.645958,-0.14853,-0.0234182,-0.420183,-1.09882,1.28531,0.602154,-0.54272,-0.797617,-0.559929,0.611467,0.269121,-0.138902,0.700639
-0.79286,3.38551,0.540004,1.71623,0.576311,0.829273,-0.443161,-0.224126,-0.275199,-0.249322,0.371675,1.65192,-0.14853,-0.0234182,-0.420183,1.31617,0.819616,0.483853,-0.524218,1.81277,-0.559929,0.611467,-0.26852,-0.138902,-1.42251
1.22289,-0.294392,-1.99484,1.36017,-0.0269805,0.829273,1.15862,0.878131,1.376,1.57499,1.10045,0.12,-1.16123,-1.02706,-0.420183,1.31617,-1.04315,-0.107654,-0.609327,1.81277,0.858073,-0.737357,-0.603365,-0.138902,-1.42251
-0.79286,-0.294392,-1.99484,0.410661,-1.23356,0.829273,1.15862,0.327003,-0.275199,0.966883,1.10045,1.65192,-1.16123,-1.02706,-0.420183,1.31617,1.28531,0.0697978,1.78481,-0.797617,-0.559929,-0.737357,-0.101283,-0.138902,0.700639
-0.79286,3.38551,0.540004,3.49656,2.98948,-0.692329,-1.24405,-0.775254,-0.275199,0.966883,-1.08587,0.885959,-1.16123,-1.02706,-0.420183,0.108674,-1.04315,-0.521709,-0.683334,-0.797617,-0.559929,0.611467,0.639524,-0.138902,0.700639
-0.79286,-0.294392,0.455074,0.173285,-1.23356,0.0684721,-0.443161,-0.775254,-0.275199,-0.249322,-1.08587,-0.645958,-0.14853,-0.0234182,-0.420183,-0.495072,-1.04315,-0.403408,1.59979,0.942638,0.530842,1.96029,0.657674,-0.138902,0.700639
-0.79286,-0.294392,0.533471,0.885414,0.174117,0.829273,1.15862,0.878131,-0.275199,-1.46553,1.10045,-1.41192,-1.16123,1.98386,3.36904,-1.09882,-1.04315,1.31196,-0.472413,-0.797617,-0.559929,0.611467,-0.269076,-0.138902,-1.42251
1.22289,-0.294392,0.455074,-0.420156,-0.630272,-0.692329,-0.443161,-0.775254,-0.275199,-0.249322,0.371675,0.12,0.864172,-0.0234182,-0.420183,0.712421,1.28531,-0.344257,1.45178,0.0725106,-0.0145436,-0.737357,-0.677446,-0.138902,0.700639
-0.79286,-0.294392,0.670666,0.173285,0.877956,0.829273,1.15862,-0.775254,-0.275199,-0.249322,0.371675,-0.645958,0.864172,-0.0234182,-0.420183,-1.09882,-1.04315,0.720455,-0.531619,1.81277,-0.559929,0.611467,1.43386,-0.138902,-1.42251
1.22289,-0.294392,0.487739,-0.776221,0.0232937,-1.45313,-0.443161,-0.775254,-0.275199,0.966883,0.371675,0.12,-0.14853,-0.0234182,-0.420183,1.31617,-1.04315,-0.285106,1.74781,-0.797617,-0.559929,-0.737357,-0.677446,-0.138902,0.700639
1.22289,-0.294392,0.513871,-0.538845,-0.429175,0.0684721,-0.443161,-0.775254,-0.275199,-0.857425,-1.81465,0.12,0.864172,-0.0234182,-0.420183,-1.09882,-0.111766,-0.166805,-0.564922,-0.797617,-0.559929,-0.737357,-0.101283,-0.138902,-1.42251
1.22289,3.38551,0.526938,0.648038,0.174117,-1.45313,-1.24405,-1.32638,-1.92639,-1.46553,-1.81465,-1.41192,-1.16123,-1.02706,-0.420183,-1.09882,-1.04315,-0.403408,-0.587125,-0.797617,-0.559929,-0.737357,-0.677446,-0.138902,0.700639
-0.79286,-0.294392,0.428941,0.262301,0.576311,-1.45313,-1.24405,0.327003,1.376,0.966883,1.10045,0.12,0.864172,1.98386,2.10596,1.31617,0.819616,0.365551,-0.531619,1.81277,1.1853,0.611467,1.5835,-0.138902,-1.42251
-0.79286,-0.294392,0.507338,-0.657533,-0.177803,0.829273,-0.443161,-0.224126,-0.275199,0.35878,0.371675,0.885959,0.864172,-0.0234182,-0.420183,-0.495072,1.28531,0.128948,-0.564922,0.942638,1.83977,-0.737357,-0.268335,-0.138902,-1.42251
1.22289,-0.294392,-1.99484,-0.301468,2.18509,0.829273,-0.443161,-0.775254,-0.275199,0.35878,0.371675,-0.645958,0.864172,-0.0234182,-0.420183,-0.495072,-1.04315,-0.107654,-0.583424,-0.797617,-0.559929,1.96029,0.286715,-0.138902,0.700639
1.22289,-0.294392,0.526938,0.0545966,-0.228078,0.0684721,-0.443161,0.327003,-0.275199,0.35878,0.371675,0.12,-0.14853,-0.0234182,-0.420183,-0.495072,1.28531,-0.225956,-0.564922,0.0725106,-0.559929,-0.737357,0.271528,-0.138902,-1.42251
1.22289,-0.294392,0.507338,-0.360812,-0.328626,0.829273,-0.443161,-0.224126,-0.275199,-0.249322,0.371675,0.12,-1.16123,1.98386,2.30806,-1.09882,0.819616,0.128948,-0.53902,1.81277,-0.559929,-0.737357,-0.284077,-0.138902,-1.42251
-0.79286,-0.294392,0.500805,-0.716877,-0.228078,-1.45313,-1.24405,-0.775254,-0.275199,-1.46553,0.371675,-1.41192,-1.16123,-1.02706,-0.420183,0.712421,-1.04315,0.306401,1.41477,-0.797617,-0.559929,-0.737357,-0.677446,-0.138902,0.700639
-0.79286,-0.294392,0.572669,-0.0640917,3.29112,0.0684721,1.15862,-0.775254,-0.275199,-1.46553,0.371675,-0.645958,-0.14853,0.980219,2.86381,-0.495072,1.28531,-0.166805,-0.557522,-0.797617,-0.559929,-0.737357,5.08418,-0.138902,0.700639
-0.79286,-0.294392,0.455074,-0.18278,1.28015,0.829273,1.15862,-0.775254,-0.275199,0.35878,0.371675,0.12,0.864172,0.980219,1.34812,0.712421,0.819616,-0.403408,-0.564922,-0.797617,-0.559929,0.611467,-0.268335,-0.138902,0.700639
-0.79286,-0.294392,0.46814,0.410661,-1.23356,0.829273,1.15862,1.98039,-0.275199,1.57499,1.10045,-0.645958,0.864172,1.98386,-0.420183,0.712421,-0.577456,0.483853,1.22975,1.81277,0.530842,-0.737357,0.101513,-0.138902,0.700639
-0.79286,-0.294392,-1.99484,1.0041,0.274665,0.829273,1.15862,0.878131,1.376,1.57499,1.10045,1.65192,1.87687,1.98386,-0.420183,1.31617,0.819616,0.602154,-0.561222,-0.797617,-0.559929,-0.737357,-0.284077,-0.138902,0.700639
-0.79286,-0.294392,0.46814,1.59754,0.174117,0.829273,1.15862,0.327003,-0.275199,1.57499,0.371675,0.885959,-0.14853,-0.0234182,-0.420183,-1.09882,-1.04315,1.37111,-0.546421,1.81277,-0.559929,0.611467,0.101328,-0.138902,-1.42251
-0.79286,-0.294392,-1.99484,0.291973,-1.23356,-1.45313,1.15862,-1.32638,-1.92639,-1.46553,1.10045,1.65192,-1.16123,-1.02706,-0.420183,-1.09882,1.28531,-2.47368,-0.805446,-0.797617,-0.559929,1.96029,1.38274,-0.138902,0.700639
-0.79286,3.38551,0.540004,2.48771,1.28015,-0.692329,1.15862,1.98039,1.376,1.57499,0.371675,0.12,-0.14853,-0.0234182,-0.420183,-1.09882,-1.04315,0.483853,-0.576024,-0.797617,-0.559929,0.611467,0.101698,-0.138902,0.700639
-0.79286,-0.294392,0.487739,-0.894909,-0.429175,0.829273,-0.443161,-0.775254,-0.275199,0.966883,-0.357099,0.12,1.87687,1.98386,0.590276,0.712421,-1.04315,-0.285106,1.96983,0.942638,-0.0145436,1.96029,-0.101283,-0.138902,0.700639
1.22289,-0.294392,0.415875,-0.479501,0.777408,0.0684721,1.15862,0.327003,-0.275199,-0.857425,0.371675,0.12,1.87687,-0.0234182,3.11642,-1.09882,-1.04315,-0.255531,-0.564922,-0.797617,-0.559929,-0.737357,-0.101283,-0.138902,0.700639
1.22289,-0.294392,0.474673,-0.776221,-0.429175,-0.692329,-0.443161,-0.775254,-0.275199,-0.857425,-1.08587,-0.645958,-1.16123,-1.02706,-0.420183,-0.495072,-0.577456,-0.285106,-0.553821,-0.797617,-0.559929,-0.737357,-0.677446,-0.138902,0.700639
1.22289,-0.294392,0.500805,-0.301468,0.777408,1.59007,1.15862,-0.775254,-0.275199,-0.249322,1.10045,0.885959,0.864172,0.980219,3.36904,-1.09882,-1.04315,0.306401,-0.53902,0.0725106,0.803535,-0.737357,0.859729,-0.138902,-1.42251
-0.79286,-0.294392,0.526938,-0.538845,-0.630272,-1.45313,-1.24405,-0.775254,-1.92639,-0.857425,-1.08587,-1.41192,-1.16123,-1.02706,-0.420183,-1.09882,-1.04315,-0.344257,1.6738,-0.797617,-0.559929,-0.737357,-0.677446,-0.138902,0.700639
1.22289,-0.294392,0.618401,0.351317,-1.23356,0.829273,1.15862,1.42926,-0.275199,-0.249322,0.371675,-0.645958,-0.14853,-0.0234182,-0.420183,1.31617,-0.577456,1.43026,-0.564922,-0.797617,-0.559929,0.611467,0.878249,-0.138902,-1.42251
-0.79286,-0.294392,-1.99484,0.113941,-0.429175,0.829273,1.95952,1.42926,1.376,-0.249322,0.371675,0.12,0.864172,-0.0234182,-0.420183,1.31617,1.28531,1.07536,-0.527919,-0.797617,-0.559929,0.611467,-0.418164,-0.138902,0.700639
-0.79286,-0.294392,0.500805,0.173285,-0.328626,-1.45313,-1.24405,-1.32638,-1.92639,-1.46553,-1.81465,-1.41192,-1.16123,-1.02706,-0.420183,-1.09882,-1.04315,-0.403408,-0.568623,-0.797617,-0.559929,-0.737357,-0.0988756,-0.138902,0.700639
1.22289,-0.294392,0.520404,-0.360812,-1.23356,-0.692329,-0.443161,-0.775254,-0.275199,0.35878,-1.08587,-0.645958,0.864172,-0.0234182,-0.420183,-0.495072,-1.04315,-0.107654,-0.553821,0.942638,3.25777,-0.737357,-0.677446,-0.138902,-1.42251
-0.79286,-0.294392,0.520404,-0.00474753,-0.0269805,-0.692329,-0.443161,-0.775254,-0.275199,0.35878,0.371675,-0.645958,0.864172,-0.0234182,-0.420183,1.31617,1.28531,-0.107654,-0.557522,0.0725106,-0.559929,-0.737357,5.08418,-0.138902,-1.42251
1.22289,-0.294392,0.474673,0.470005,-0.630272,0.829273,-0.443161,-0.775254,1.376,0.966883,-1.81465,0.885959,-0.14853,1.98386,-0.420183,-1.09882,-1.04315,0.483853,-0.546421,-0.797617,-0.559929,1.96029,-0.269076,-0.138902,0.700639
1.22289,3.38551,0.585735,0.52935,0.274665,-1.45313,-1.24405,-1.32638,-0.275199,-1.46553,-1.81465,-1.41192,-1.16123,-1.02706,-0.420183,-1.09882,-1.04315,-0.817462,-0.620428,-0.797617,-0.559929,-0.737357,-0.677446,-0.138902,0.700639
-0.79286,-0.294392,-1.99484,-1.9631,-1.23356,-1.45313,-1.24405,-1.32638,-1.92639,-1.46553,-1.81465,-1.41192,-1.16123,-1.02706,-0.420183,-1.09882,-1.04315,-2.47368,-0.805446,-0.797617,-0.559929,-0.737357,-0.284077,-0.138902,0.700639
-0.79286,-0.294392,0.487739,-0.479501,0.576311,-1.45313,-0.443161,-0.775254,-0.275199,0.35878,-0.357099,0.12,-1.16123,-1.02706,-0.420183,0.712421,-1.04315,-0.166805,-0.561222,0.0725106,2.33061,-0.737357,0.878249,-0.138902,-1.42251
1.22289,-0.294392,0.526938,-0.627861,-0.429175,0.0684721,-0.443161,-0.224126,-0.275199,-0.857425,-1.08587,-1.41192,-1.16123,-1.02706,-0.420183,-0.495072,-0.577456,0.0697978,1.34077,-0.797617,-0.559929,-0.737357,-0.677446,-0.138902,0.700639
-0.79286,-0.294392,0.546537,0.410661,0.978505,0.829273,1.15862,0.327003,-0.275199,-0.249322,0.371675,0.885959,0.864172,0.980219,3.11642,0.712421,-0.577456,0.720455,-0.564922,1.81277,-0.559929,0.611467,0.639524,-0.138902,0.700639
-0.79286,-0.294392,0.422408,-0.00474753,-0.228078,-0.692329,1.15862,-0.224126,-0.275199,0.966883,0.371675,0.885959,-0.14853,-1.02706,-0.420183,-0.495072,1.28531,-0.403408,-0.550121,0.942638,-0.559929,0.611467,5.08418,-0.138902,0.700639
-0.79286,-0.294392,-1.99484,0.351317,-0.0269805,0.829273,1.15862,0.327003,-0.275199,-1.46553,0.371675,-1.41192,0.864172,-0.0234182,-0.420183,-1.09882,0.819616,0.0697978,1.48878,-0.797617,0.530842,1.96029,-0.268335,-0.138902,0.700639
1.22289,-0.294392,0.520404,-0.776221,-0.429175,-0.692329,-0.443161,-0.775254,-0.275199,-0.249322,-1.08587,-0.645958,-1.16123,-1.02706,-0.420183,0.712421,-0.111766,-0.285106,1.6738,-0.797617,-0.559929,-0.737357,-0.677446,-0.138902,0.700639
-0.79286,-0.294392,-1.99484,1.59754,2.28564,1.59007,-1.24405,0.878131,1.376,-0.249322,1.10045,-1.41192,-1.16123,-1.02706,-0.420183,-1.09882,1.28531,0.779606,1.59979,-0.797617,-0.559929,1.96029,-0.0838742,-0.138902,0.700639
1.22289,-0.294392,0.435474,0.173285,-0.0269805,0.829273,0.357732,0.878131,1.376,0.966883,0.371675,0.885959,1.87687,-0.0234182,-0.420183,1.31617,0.819616,0.128948,-0.805446,1.81277,1.23984,1.96029,-0.26852,-0.138902,-1.42251
-0.79286,-0.294392,0.455074,0.173285,0.274665,1.59007,1.15862,0.878131,-0.275199,0.966883,1.10045,0.885959,0.864172,-0.0234182,-0.420183,0.712421,1.28531,1.07536,-0.553821,-0.797617,-0.559929,0.611467,-0.0838742,-0.138902,0.700639
-0.79286,-0.294392,0.389743,1.0041,-0.0269805,0.829273,1.15862,0.327003,-0.275199,0.35878,0.371675,0.885959,1.87687,-0.0234182,-0.420183,1.31617,0.819616,0.483853,-0.583424,1.81277,1.29438,-0.737357,-0.26852,-0.138902,-1.42251
-0.79286,-0.294392,0.435474,-0.776221,-0.228078,-1.45313,-1.24405,-1.32638,-1.92639,-1.46553,-1.81465,-1.41192,-1.16123,-1.02706,-0.420183,1.31617,-0.577456,-0.344257,1.48878,0.0725106,-0.0145436,1.96029,0.454508,-0.138902,0.700639
0.977316718603751,-0.246853226983658,0.42562635079556,-0.36477236036153,-0.249651651983197,-1.63070030137328,-0.308100064442467,-0.472652616947513,1.4162369077574,0.389918923864905,1.0864778921852,-0.653578661018417,1.02884557165513,0.884166882774143,1.71195639325686,-1.03512895913173,-0.194170371272912,0.235142059047766,-0.567628735446885,-0.984267812071631,-0.677702173730201,-0.547451936877946,-0.0974179419303183,-0.210320942106736,-1.27554929211521
0.977316718603751,-0.246853226983658,0.356367290256639,-0.583958108561094,0.539944270568311,-1.63070030137328,-1.14613223972598,-1.12857869760937,-0.303479337376586,-1.59866758784611,0.347672925499264,-1.4921324147779,-1.02884557165513,-0.96578228733791,-0.515863603417328,-1.03512895913173,-1.13728360316991,0.345567887882352,-0.567628735446885,-0.157968908110262,2.06211636453696,-0.547451936877946,-0.0974179419303183,-0.210320942106736,-1.27554929211521
-0.868725972092223,-0.246853226983658,0.36406274142763,-0.730081940694137,0.145146309292557,-1.63070030137328,2.20599646140806,0.183273463714342,1.4162369077574,1.71564326500558,1.0864778921852,1.86208260026002,0,-0.0408077022818836,-0.515863603417328,0.710047137255647,1.22049947657259,0.400780802299645,1.6835529441555,1.49462889981248,0.418225241576664,-0.547451936877946,-0.0794183615048639,-0.210320942106736,0.741598425648379
-0.868725972092223,-0.246853226983658,0.310194583230691,-0.291710444295008,-0.0522526713453204,0.728610772954018,-0.308100064442467,0.839199544376197,1.4162369077574,1.05278109443524,1.0864778921852,1.02352884650054,0,-0.0408077022818836,-0.515863603417328,-1.03512895913173,-1.13728360316991,-0.151348341873286,1.36548959852879,1.49462889981248,0.418225241576664,2.21008374517393,-0.270903259647996,3.4539198947085,0.741598425648379
0.977316718603751,-0.246853226983658,0.387149094940604,-0.803143856760658,-0.644449613258951,0.728610772954018,-1.14613223972598,0.183273463714342,-0.303479337376586,-0.935805417275773,-1.86874197455854,-0.653578661018417,-1.02884557165513,-0.96578228733791,-0.515863603417328,-1.03512895913173,-0.194170371272912,-0.0409225130386996,-0.585298921315036,-0.984267812071631,-0.677702173730201,-0.547451936877946,-0.0974179419303183,-0.210320942106736,0.741598425648379
-0.868725972092223,-0.246853226983658,-2.53712235003607,-0.145586612161965,0.737343251206187,0.728610772954018,-1.14613223972598,-1.12857869760937,-0.303479337376586,-1.59866758784611,1.0864778921852,-1.4921324147779,2.05769114331026,0.884166882774143,-0.515863603417328,-1.03512895913173,1.22049947657259,0.235142059047766,1.75423368762811,-0.984267812071631,-0.677702173730201,-0.547451936877946,-0.0974179419303183,-0.210320942106736,0.741598425648379
0.977316718603751,-0.246853226983658,0.417930899624569,0.585032548503249,1.72433815439557,0.728610772954018,0.529932110841043,-0.472652616947513,-0.303479337376586,0.389918923864905,-0.391132041186671,-0.653578661018417,1.02884557165513,0.884166882774143,-0.515863603417328,-0.453403593669269,-0.665726987221412,0.897697032055283,-0.546424512405104,-0.984267812071631,-0.677702173730201,-0.547451936877946,-0.693127460053601,-0.210320942106736,0.741598425648379
0.977316718603751,-0.246853226983658,0.371758192598621,-0.583958108561094,-0.644449613258951,-0.0578262518217477,-0.308100064442467,-0.472652616947513,-0.303479337376586,0.389918923864905,-1.86874197455854,-0.653578661018417,1.02884557165513,-0.96578228733791,-0.515863603417328,0.128321771793189,-1.13728360316991,0.566419545551524,-0.532288363710584,-0.157968908110262,-0.677702173730201,-0.547451936877946,-0.693127460053601,-0.210320942106736,-1.27554929211521
-2.7147686627882,-0.246853226983658,0.387149094940604,0.0370681780043381,0.737343251206187,-1.63070030137328,-0.308100064442467,0.839199544376197,1.4162369077574,-0.272943246705434,-1.86874197455854,-1.4921324147779,-1.02884557165513,-0.96578228733791,-0.515863603417328,-1.03512895913173,1.22049947657259,-2.08380034647854,-0.790273077385583,-0.984267812071631,-0.677702173730201,-1.92621977790388,-0.0974179419303183,5.10847067111466,0.741598425648379
0.977316718603751,-0.246853226983658,0.379453643769612,-0.693550982660876,0.539944270568311,0.728610772954018,1.36796428612455,0.183273463714342,1.4162369077574,-0.272943246705434,0.347672925499264,-0.653578661018417,1.02884557165513,-0.0408077022818836,-0.515863603417328,0.710047137255647,-1.13728360316991,-0.261774170707872,-0.588832958488666,1.49462889981248,-0.677702173730201,-0.547451936877946,-0.270903259647996,-0.210320942106736,-1.27554929211521
0.977316718603751,-0.246853226983658,0.464103606650516,0.731156380636291,-0.644449613258951,0.728610772954018,-0.308100064442467,1.49512562503805,-0.303479337376586,-0.272943246705434,1.0864778921852,0.184975092741062,0,0.884166882774143,2.12731266382323,-1.03512895913173,0.748942860624089,1.33940034739363,-0.581764884141406,0.668329995851108,0.52781798310735,0.831315904147992,-0.270328804953566,-0.210320942106736,-1.27554929211521
0.977316718603751,-0.246853226983658,0.402539997282586,-0.145586612161965,-0.0522526713453204,0.728610772954018,-0.308100064442467,0.183273463714342,1.4162369077574,0.389918923864905,0.347672925499264,0.184975092741062,2.05769114331026,1.80914146783017,-0.515863603417328,1.2917725027181,0.748942860624089,0.84248411763799,-0.525220289363324,0.668329995851108,0.0894470169846043,-0.547451936877946,-0.477898434540721,-0.210320942106736,-1.27554929211521
-0.868725972092223,-0.246853226983658,-2.53712235003607,2.77689003049889,-1.23664655517258,-1.63070030137328,-1.14613223972598,0.839199544376197,1.4162369077574,1.71564326500558,1.0864778921852,1.86208260026002,0,-0.0408077022818836,-0.515863603417328,-1.03512895913173,1.22049947657259,-0.427412913959751,1.6482125724192,-0.984267812071631,-0.677702173730201,0.831315904147992,0.47722823739722,-0.210320942106736,0.741598425648379
-0.868725972092223,-0.246853226983658,0.379453643769612,2.04627086983368,1.72433815439557,0.728610772954018,1.36796428612455,0.183273463714342,-0.303479337376586,1.71564326500558,1.0864778921852,1.86208260026002,1.02884557165513,0.884166882774143,2.31611096862613,1.2917725027181,1.22049947657259,0.787271203220697,-0.557026623925995,1.49462889981248,0.308632500045977,0.831315904147992,-0.0794183615048639,-0.210320942106736,-1.27554929211521
0.977316718603751,-0.246853226983658,0.387149094940604,0.292784884237163,0.539944270568311,-0.844263276597514,-0.308100064442467,0.183273463714342,-0.303479337376586,0.389918923864905,-1.86874197455854,0.184975092741062,1.02884557165513,-0.0408077022818836,-0.515863603417328,0.710047137255647,1.22049947657259,0.0142904013785935,-0.549958549578735,0.668329995851108,0.418225241576664,-0.547451936877946,-0.0949286382544576,-0.210320942106736,-1.27554929211521
0.977316718603751,3.94965163173853,0.387149094940604,1.02340404490238,0.145146309292557,-0.844263276597514,-0.308100064442467,-0.472652616947513,-0.303479337376586,-0.935805417275773,0.347672925499264,0.184975092741062,2.05769114331026,-0.96578228733791,2.20283198574439,-1.03512895913173,-1.13728360316991,-0.0409225130386996,-0.574696809794146,-0.157968908110262,-0.0749420953114253,-0.547451936877946,-0.693127460053601,-0.210320942106736,-1.27554929211521
-0.868725972092223,-0.246853226983658,0.410235448453577,0.0735991360375988,0.243845799611495,-0.0578262518217477,1.36796428612455,-1.12857869760937,-0.303479337376586,-0.272943246705434,1.0864778921852,1.02352884650054,2.05769114331026,0.884166882774143,2.69370757823192,1.2917725027181,1.22049947657259,-0.0409225130386996,-0.578230846967776,-0.984267812071631,-0.677702173730201,-0.547451936877946,0.285551854355945,-0.210320942106736,0.741598425648379
0.977316718603751,-0.246853226983658,0.348671839085647,-0.583958108561094,-0.0522526713453204,0.728610772954018,-0.308100064442467,-1.12857869760937,-0.303479337376586,-0.272943246705434,-1.12993700787261,-1.4921324147779,0,-0.0408077022818836,-0.515863603417328,0.710047137255647,-0.194170371272912,0.290354973465059,-0.578230846967776,-0.157968908110262,0.85659620769941,-0.547451936877946,0.668521650642209,-0.210320942106736,-1.27554929211521
-0.868725972092223,-0.246853226983658,0.348671839085647,0.877280212769334,-0.249651651983197,-0.0578262518217477,1.36796428612455,0.183273463714342,-0.303479337376586,1.05278109443524,0.347672925499264,1.02352884650054,-1.02884557165513,-0.96578228733791,-0.515863603417328,-1.03512895913173,-1.13728360316991,-0.151348341873286,-0.564094698273255,-0.157968908110262,-0.677702173730201,0.831315904147992,-0.270903259647996,-0.210320942106736,0.741598425648379
0.977316718603751,3.94965163173853,-2.53712235003607,3.1421996108315,1.72433815439557,1.51504779772978,2.20599646140806,0.839199544376197,1.4162369077574,1.71564326500558,1.0864778921852,1.86208260026002,-1.02884557165513,-0.96578228733791,-0.515863603417328,-1.03512895913173,-1.13728360316991,-2.08380034647854,-0.790273077385583,-0.984267812071631,-0.677702173730201,0.831315904147992,-0.425048602653217,-0.210320942106736,0.741598425648379
-0.868725972092223,-0.246853226983658,0.517971764847455,1.31565170916846,0.243845799611495,-1.63070030137328,-1.14613223972598,2.15105170569991,1.4162369077574,1.05278109443524,1.0864778921852,1.02352884650054,0,-0.96578228733791,-0.515863603417328,1.2917725027181,1.22049947657259,1.50503909064551,1.86025480283701,-0.984267812071631,-0.677702173730201,2.21008374517393,-0.0794183615048639,-0.210320942106736,0.741598425648379
-0.868725972092223,-0.246853226983658,0.410235448453577,0.585032548503249,-1.23664655517258,0.728610772954018,1.36796428612455,0.839199544376197,1.4162369077574,1.71564326500558,1.0864778921852,1.02352884650054,1.02884557165513,-0.0408077022818836,-0.515863603417328,1.2917725027181,0.748942860624089,0.400780802299645,-0.525220289363324,0.668329995851108,1.84293088147559,-0.547451936877946,-0.0786524219122914,-0.210320942106736,-1.27554929211521
0.977316718603751,-0.246853226983658,0.348671839085647,-0.876205772827179,0.342545289930434,0.728610772954018,-0.308100064442467,0.183273463714342,-0.303479337376586,0.389918923864905,-0.391132041186671,1.02352884650054,1.02884557165513,-0.0408077022818836,-0.515863603417328,-1.03512895913173,1.22049947657259,-0.316987085125165,-0.564094698273255,-0.157968908110262,-0.0749420953114253,-0.547451936877946,-0.0949286382544576,-0.210320942106736,-1.27554929211521
-0.868725972092223,-0.246853226983658,0.417930899624569,0.731156380636291,0.243845799611495,0.728610772954018,-0.308100064442467,1.49512562503805,1.4162369077574,1.05278109443524,0.347672925499264,1.02352884650054,1.02884557165513,1.80914146783017,1.93851435902034,1.2917725027181,0.748942860624089,0.511206631134231,-0.525220289363324,1.49462889981248,-0.677702173730201,0.831315904147992,0.477036752499077,-0.210320942106736,0.741598425648379
-0.868725972092223,-0.246853226983658,0.394844546111595,0.731156380636291,0.934742231844064,1.51504779772978,-1.14613223972598,0.839199544376197,1.4162369077574,1.71564326500558,0.347672925499264,-0.653578661018417,0,1.80914146783017,1.37211944461164,-1.03512895913173,0.748942860624089,1.22897451855904,-0.549958549578735,-0.984267812071631,2.44569095989436,0.831315904147992,-0.270137320055423,-0.210320942106736,-1.27554929211521
0.977316718603751,-0.246853226983658,0.441017253137543,-0.437834276428051,-1.23664655517258,-0.844263276597514,-0.308100064442467,-1.12857869760937,-0.303479337376586,-0.935805417275773,0.347672925499264,-0.653578661018417,-1.02884557165513,-0.96578228733791,-0.515863603417328,-0.453403593669269,0.277386244675588,-1.86294868880937,1.82491443110071,-0.984267812071631,-0.677702173730201,-0.547451936877946,-0.693127460053601,-0.210320942106736,0.741598425648379
0.977316718603751,-0.246853226983658,0.394844546111595,-0.730081940694137,0.737343251206187,-0.0578262518217477,-0.308100064442467,0.183273463714342,-0.303479337376586,0.389918923864905,0.347672925499264,-0.653578661018417,-1.02884557165513,-0.96578228733791,-0.515863603417328,-0.453403593669269,0.277386244675588,-0.151348341873286,-0.549958549578735,-0.984267812071631,-0.677702173730201,-0.547451936877946,-0.693127460053601,-0.210320942106736,0.741598425648379
0.977316718603751,-0.246853226983658,0.417930899624569,-0.437834276428051,-0.249651651983197,-0.0578262518217477,-0.308100064442467,0.183273463714342,-0.303479337376586,-0.935805417275773,0.347672925499264,0.184975092741062,1.02884557165513,-0.0408077022818836,-0.515863603417328,0.710047137255647,1.22049947657259,0.179929144630473,1.43617034200139,-0.157968908110262,-0.129738466076769,-0.547451936877946,-0.693127460053601,-0.210320942106736,0.741598425648379
-0.868725972092223,-0.246853226983658,0.402539997282586,-0.145586612161965,-1.23664655517258,-0.844263276597514,-1.14613223972598,0.183273463714342,-0.303479337376586,-0.272943246705434,-1.12993700787261,-0.653578661018417,0,-0.0408077022818836,-0.515863603417328,1.2917725027181,0.748942860624089,0.290354973465059,-0.571162772620515,0.668329995851108,1.45935628611819,-0.547451936877946,-0.270711774749853,-0.210320942106736,-1.27554929211521
0.977316718603751,-0.246853226983658,0.36406274142763,-0.876205772827179,-0.348351142302136,-0.844263276597514,-0.308100064442467,-1.12857869760937,-2.02319558251058,0.389918923864905,-0.391132041186671,-0.653578661018417,0,-0.0408077022818836,-0.515863603417328,0.710047137255647,0.277386244675588,-0.0961354274559927,-0.666581776308529,-0.984267812071631,-0.677702173730201,-0.547451936877946,-0.616533500796348,-0.210320942106736,0.741598425648379
-0.868725972092223,-0.246853226983658,0.471799057821508,-0.145586612161965,-0.74314910357789,-1.63070030137328,-0.308100064442467,-1.12857869760937,-2.02319558251058,-0.272943246705434,0.347672925499264,-1.4921324147779,-1.02884557165513,-0.96578228733791,-0.515863603417328,1.2917725027181,0.748942860624089,-2.08380034647854,-0.790273077385583,-0.984267812071631,-0.677702173730201,-0.547451936877946,-0.288519870277164,-0.210320942106736,0.741598425648379
0.977316718603751,-0.246853226983658,0.371758192598621,-0.583958108561094,-0.447050632621074,-0.844263276597514,-0.308100064442467,-1.12857869760937,-0.303479337376586,-1.59866758784611,-1.12993700787261,-0.653578661018417,1.02884557165513,-0.0408077022818836,-0.515863603417328,1.2917725027181,0.277386244675588,0.290354973465059,-0.525220289363324,-0.984267812071631,-0.677702173730201,-0.547451936877946,-0.693127460053601,-0.210320942106736,0.741598425648379
-0.868725972092223,-0.246853226983658,0.464103606650516,2.04627086983368,-1.23664655517258,1.51504779772978,1.36796428612455,1.49512562503805,1.4162369077574,-0.272943246705434,1.0864778921852,1.02352884650054,1.02884557165513,1.80914146783017,2.50490927342903,-1.03512895913173,-1.13728360316991,1.50503909064551,-0.500482029147913,1.49462889981248,1.84293088147559,-0.547451936877946,0.285360369457802,-0.210320942106736,0.741598425648379
-0.868725972092223,-0.246853226983658,0.402539997282586,0.438908716370206,-1.23664655517258,-0.0578262518217477,1.36796428612455,-0.472652616947513,-0.303479337376586,1.71564326500558,0.347672925499264,1.02352884650054,0,0.884166882774143,1.74971605421744,-0.453403593669269,1.22049947657259,-0.151348341873286,-0.560560661099625,0.668329995851108,-0.184534836842112,-0.547451936877946,-0.0794183615048639,-0.210320942106736,-1.27554929211521
0.977316718603751,-0.246853226983658,0.410235448453577,0.877280212769334,-1.23664655517258,-1.63070030137328,-1.14613223972598,2.15105170569991,-2.02319558251058,-1.59866758784611,-1.86874197455854,-1.4921324147779,-1.02884557165513,-0.96578228733791,-0.515863603417328,-1.03512895913173,-1.13728360316991,-2.08380034647854,-0.790273077385583,-0.984267812071631,-0.677702173730201,0.831315904147992,-0.252712194324398,-0.210320942106736,0.741598425648379
-0.868725972092223,-0.246853226983658,0.387149094940604,0.585032548503249,0.243845799611495,0.728610772954018,1.36796428612455,0.183273463714342,-0.303479337376586,-1.59866758784611,-1.86874197455854,-1.4921324147779,-1.02884557165513,-0.96578228733791,1.74971605421744,-1.03512895913173,-1.13728360316991,0.566419545551524,-0.496947991974283,-0.984267812071631,1.67854176917956,-0.547451936877946,-0.28890284007345,-0.210320942106736,0.741598425648379
-0.868725972092223,-0.246853226983658,-2.53712235003607,-2.33744409415761,-1.23664655517258,0.728610772954018,-0.308100064442467,-1.12857869760937,-0.303479337376586,-0.272943246705434,0.347672925499264,1.02352884650054,0,1.80914146783017,1.74971605421744,1.2917725027181,0.748942860624089,-2.08380034647854,-0.790273077385583,0.668329995851108,-0.677702173730201,0.831315904147992,-0.288519870277164,-0.210320942106736,-1.27554929211521
-0.868725972092223,-0.246853226983658,0.356367290256639,-0.876205772827179,-1.23664655517258,-0.844263276597514,-0.308100064442467,-1.12857869760937,-0.303479337376586,-0.935805417275773,-1.12993700787261,-0.653578661018417,-1.02884557165513,-0.96578228733791,-0.515863603417328,-0.453403593669269,-0.665726987221412,-2.08380034647854,-0.790273077385583,0.668329995851108,0.473021612342007,-0.547451936877946,5.26396772117923,-0.210320942106736,-1.27554929211521
0.977316718603751,-0.246853226983658,0.348671839085647,-0.730081940694137,-1.23664655517258,-0.844263276597514,-0.308100064442467,-1.12857869760937,-0.303479337376586,0.389918923864905,0.347672925499264,0.184975092741062,-1.02884557165513,-0.96578228733791,-0.515863603417328,-1.03512895913173,-1.13728360316991,0.400780802299645,-0.585298921315036,0.668329995851108,0.0894470169846043,-0.547451936877946,-0.0974179419303183,-0.210320942106736,-1.27554929211521
0.977316718603751,-0.246853226983658,0.402539997282586,-0.803143856760658,-0.447050632621074,-0.844263276597514,-0.308100064442467,0.183273463714342,-0.303479337376586,-0.935805417275773,0.347672925499264,-0.653578661018417,-1.02884557165513,-0.96578228733791,-0.515863603417328,-0.453403593669269,-1.13728360316991,-0.151348341873286,1.33014922679249,-0.157968908110262,-0.129738466076769,-0.547451936877946,-0.693127460053601,-0.210320942106736,0.741598425648379
0.977316718603751,-0.246853226983658,0.387149094940604,-0.291710444295008,0.934742231844064,0.728610772954018,1.36796428612455,0.183273463714342,-2.02319558251058,-1.59866758784611,-1.12993700787261,-0.653578661018417,1.02884557165513,-0.0408077022818836,-0.515863603417328,1.2917725027181,-1.13728360316991,0.511206631134231,1.6835529441555,0.668329995851108,-0.129738466076769,-0.547451936877946,-0.693127460053601,-0.210320942106736,0.741598425648379
0.977316718603751,-0.246853226983658,0.410235448453577,-0.693550982660876,-0.249651651983197,0.728610772954018,1.36796428612455,-0.472652616947513,1.4162369077574,-0.272943246705434,1.0864778921852,-0.653578661018417,1.02884557165513,-0.96578228733791,-0.515863603417328,1.2917725027181,-1.13728360316991,-2.08380034647854,-0.790273077385583,-0.984267812071631,-0.677702173730201,-0.547451936877946,-0.693127460053601,-0.210320942106736,0.741598425648379
-0.868725972092223,-0.246853226983658,-2.53712235003607,-0.583958108561094,3.50092898013646,-0.844263276597514,-0.308100064442467,0.183273463714342,-0.303479337376586,-1.59866758784611,1.0864778921852,-0.653578661018417,1.02884557165513,-0.0408077022818836,-0.515863603417328,-0.453403593669269,0.748942860624089,0.235142059047766,-0.507550103495173,-0.157968908110262,-0.677702173730201,-0.547451936877946,-0.270328804953566,-0.210320942106736,0.741598425648379
-0.868725972092223,-0.246853226983658,0.36406274142763,-0.328241402328269,0.145146309292557,-0.0578262518217477,-0.308100064442467,-0.472652616947513,-0.303479337376586,-0.272943246705434,0.347672925499264,1.02352884650054,-1.02884557165513,1.80914146783017,1.37211944461164,1.2917725027181,1.22049947657259,-2.08380034647854,-0.790273077385583,-0.984267812071631,-0.677702173730201,-0.547451936877946,-0.0786524219122914,-0.210320942106736,0.741598425648379
0.977316718603751,-0.246853226983658,0.233240071520779,1.31565170916846,-0.249651651983197,1.51504779772978,1.36796428612455,2.15105170569991,1.4162369077574,-0.272943246705434,1.0864778921852,1.02352884650054,0,-0.0408077022818836,-0.515863603417328,1.2917725027181,1.22049947657259,2.00195532040114,-0.588832958488666,0.668329995851108,0.69220709540338,2.21008374517393,-0.0794183615048639,-0.210320942106736,-1.27554929211521
-0.868725972092223,-0.246853226983658,0.317890034401683,-0.145586612161965,-0.249651651983197,-0.0578262518217477,-1.14613223972598,0.839199544376197,-0.303479337376586,0.389918923864905,-1.86874197455854,1.02352884650054,-1.02884557165513,0.884166882774143,1.37211944461164,0.710047137255647,0.748942860624089,1.44982617622821,-0.489879917627023,0.668329995851108,-0.677702173730201,-0.547451936877946,0.668521650642209,-0.210320942106736,-1.27554929211521
0.977316718603751,-0.246853226983658,0.317890034401683,1.82708512163411,0.737343251206187,0.728610772954018,-1.14613223972598,0.183273463714342,1.4162369077574,-0.272943246705434,-0.391132041186671,-0.653578661018417,-1.02884557165513,-0.96578228733791,-0.515863603417328,-1.03512895913173,0.277386244675588,-0.316987085125165,-0.790273077385583,1.49462889981248,2.88406192601711,-0.547451936877946,-0.616533500796348,-0.210320942106736,0.741598425648379
-0.868725972092223,-0.246853226983658,0.394844546111595,0.292784884237163,0.243845799611495,0.728610772954018,1.36796428612455,0.183273463714342,-0.303479337376586,1.05278109443524,1.0864778921852,1.02352884650054,1.02884557165513,-0.0408077022818836,-0.515863603417328,0.710047137255647,1.22049947657259,-0.0409225130386996,1.18878773984729,1.49462889981248,-0.129738466076769,-0.547451936877946,0.112258021536411,-0.210320942106736,0.741598425648379
-0.868725972092223,-0.246853226983658,0.310194583230691,-0.730081940694137,-0.644449613258951,0.728610772954018,-0.308100064442467,-1.12857869760937,1.4162369077574,-0.935805417275773,-1.12993700787261,-0.653578661018417,-1.02884557165513,-0.96578228733791,-0.515863603417328,1.2917725027181,-0.194170371272912,0.12471623021318,-0.553492586752365,1.49462889981248,3.70600748749726,-0.547451936877946,-0.270328804953566,-0.210320942106736,0.741598425648379
-0.868725972092223,-0.246853226983658,0.433321801966551,-0.583958108561094,-0.249651651983197,0.728610772954018,-0.308100064442467,-1.12857869760937,-0.303479337376586,1.05278109443524,0.347672925499264,-0.653578661018417,-1.02884557165513,-0.96578228733791,-0.515863603417328,0.710047137255647,-1.13728360316991,-0.0409225130386996,1.86025480283701,-0.984267812071631,-0.677702173730201,-0.547451936877946,-0.0974179419303183,-0.210320942106736,0.741598425648379
-0.868725972092223,-0.246853226983658,-2.53712235003607,0.65809446456977,2.3165350963092,0.728610772954018,-0.308100064442467,0.839199544376197,-0.303479337376586,-0.272943246705434,0.347672925499264,1.02352884650054,-1.02884557165513,1.80914146783017,-0.515863603417328,1.2917725027181,0.748942860624089,0.84248411763799,1.506851085474,1.49462889981248,0.418225241576664,2.21008374517393,-0.270137320055423,5.10847067111466,0.741598425648379
-0.868725972092223,3.94965163173853,0.402539997282586,0.511970632436727,1.72433815439557,1.51504779772978,2.20599646140806,2.15105170569991,-2.02319558251058,0.389918923864905,0.347672925499264,1.02352884650054,-1.02884557165513,-0.96578228733791,-0.515863603417328,-0.453403593669269,-1.13728360316991,1.17376160414175,-0.585298921315036,1.49462889981248,1.02098531999544,0.831315904147992,-0.425048602653217,-0.210320942106736,-1.27554929211521
0.977316718603751,-0.246853226983658,0.371758192598621,-0.145586612161965,-0.447050632621074,-0.844263276597514,-0.308100064442467,0.183273463714342,-0.303479337376586,-0.272943246705434,0.347672925499264,0.184975092741062,0,0.884166882774143,-0.515863603417328,0.710047137255647,-1.13728360316991,0.179929144630473,1.78957405936441,-0.984267812071631,-0.677702173730201,2.21008374517393,0.0965562598886742,-0.210320942106736,0.741598425648379
-0.868725972092223,-0.246853226983658,0.441017253137543,-1.09539152102674,0.243845799611495,-0.0578262518217477,-1.14613223972598,0.183273463714342,-0.303479337376586,-0.272943246705434,0.347672925499264,-1.4921324147779,-1.02884557165513,-0.96578228733791,-0.515863603417328,-1.03512895913173,-1.13728360316991,-0.261774170707872,1.6482125724192,-0.984267812071631,0.418225241576664,2.21008374517393,0.668904620438495,-0.210320942106736,0.741598425648379
-0.868725972092223,-0.246853226983658,-2.53712235003607,-1.02232960496022,-0.644449613258951,-0.844263276597514,-0.308100064442467,-1.12857869760937,-0.303479337376586,-0.935805417275773,-0.391132041186671,-0.653578661018417,0,-0.0408077022818836,-0.515863603417328,-0.453403593669269,1.22049947657259,0.345567887882352,-0.790273077385583,-0.984267812071631,-0.677702173730201,-0.547451936877946,5.26396772117923,-0.210320942106736,-1.27554929211521
0.977316718603751,-0.246853226983658,0.410235448453577,-0.730081940694137,1.72433815439557,-1.63070030137328,-1.14613223972598,-1.12857869760937,-0.303479337376586,-1.59866758784611,-1.86874197455854,-1.4921324147779,-1.02884557165513,-0.96578228733791,-0.515863603417328,-1.03512895913173,-1.13728360316991,-1.73043769420787,0.481980305121261,-0.984267812071631,-0.677702173730201,-0.547451936877946,-0.693127460053601,-0.210320942106736,0.741598425648379
0.977316718603751,-0.246853226983658,0.340976387914656,-0.36477236036153,-0.348351142302136,0.728610772954018,-1.14613223972598,-1.12857869760937,-0.303479337376586,0.389918923864905,1.0864778921852,1.02352884650054,1.02884557165513,0.884166882774143,-0.515863603417328,1.2917725027181,1.22049947657259,-0.427412913959751,-0.539356438057844,0.668329995851108,-0.677702173730201,-0.547451936877946,0.668521650642209,-0.210320942106736,-1.27554929211521
-0.868725972092223,-0.246853226983658,-2.53712235003607,-2.33744409415761,-1.23664655517258,1.51504779772978,1.36796428612455,-1.78450477827122,1.4162369077574,-0.272943246705434,1.0864778921852,-0.653578661018417,-1.02884557165513,-0.96578228733791,-0.515863603417328,-1.03512895913173,-1.13728360316991,0.897697032055283,1.89559517457331,1.49462889981248,0.418225241576664,-0.547451936877946,0.916303108839421,-0.210320942106736,0.741598425648379
-0.868725972092223,-0.246853226983658,0.279412778546726,-0.583958108561094,-0.447050632621074,0.728610772954018,-0.308100064442467,0.183273463714342,-0.303479337376586,1.05278109443524,-1.12993700787261,-0.653578661018417,0,-0.0408077022818836,-0.515863603417328,-1.03512895913173,-1.13728360316991,-0.59305165721163,1.18878773984729,-0.984267812071631,-0.677702173730201,2.21008374517393,0.112258021536411,-0.210320942106736,0.741598425648379
-0.868725972092223,-0.246853226983658,0.42562635079556,0.950342128835856,-1.23664655517258,-0.844263276597514,-0.308100064442467,0.183273463714342,-0.303479337376586,0.389918923864905,0.347672925499264,1.02352884650054,1.02884557165513,1.80914146783017,0.239329615794261,1.2917725027181,1.22049947657259,0.511206631134231,2.00161628978221,-0.984267812071631,-0.677702173730201,-0.547451936877946,0.47722823739722,-0.210320942106736,0.741598425648379
-0.868725972092223,-0.246853226983658,-2.53712235003607,0.402377758336945,-0.644449613258951,-0.844263276597514,-0.308100064442467,0.839199544376197,-0.303479337376586,1.71564326500558,0.347672925499264,1.02352884650054,-1.02884557165513,1.80914146783017,1.67419673229628,-1.03512895913173,-1.13728360316991,1.11854868972445,-0.489879917627023,-0.157968908110262,-0.677702173730201,-0.547451936877946,-0.270137320055423,-0.210320942106736,-1.27554929211521
0.977316718603751,-0.246853226983658,0.402539997282586,-0.803143856760658,-1.23664655517258,0.728610772954018,-0.308100064442467,-1.12857869760937,-0.303479337376586,-0.935805417275773,-1.12993700787261,0.184975092741062,1.02884557165513,-0.0408077022818836,-0.515863603417328,0.710047137255647,-0.194170371272912,-0.151348341873286,-0.581764884141406,0.668329995851108,-0.677702173730201,-0.547451936877946,-0.097034972134032,-0.210320942106736,0.741598425648379
-0.868725972092223,3.94965163173853,0.402539997282586,0.511970632436727,1.72433815439557,1.51504779772978,2.20599646140806,2.15105170569991,-2.02319558251058,0.389918923864905,0.347672925499264,1.02352884650054,-1.02884557165513,-0.96578228733791,-0.515863603417328,-0.453403593669269,-1.13728360316991,1.17376160414175,-0.585298921315036,1.49462889981248,1.02098531999544,0.831315904147992,-0.270903259647996,-0.210320942106736,-1.27554929211521
0.977316718603751,-0.246853226983658,0.433321801966551,-0.145586612161965,0.243845799611495,-0.844263276597514,-0.308100064442467,0.183273463714342,-0.303479337376586,1.05278109443524,-0.391132041186671,0.184975092741062,0,-0.0408077022818836,-0.515863603417328,-1.03512895913173,-1.13728360316991,0.12471623021318,-0.578230846967776,-0.157968908110262,-0.677702173730201,-0.547451936877946,-0.0794183615048639,-0.210320942106736,0.741598425648379
0.977316718603751,-0.246853226983658,0.371758192598621,-0.803143856760658,0.737343251206187,-0.844263276597514,-0.308100064442467,-1.12857869760937,-0.303479337376586,-0.935805417275773,0.347672925499264,-0.653578661018417,-1.02884557165513,-0.96578228733791,-0.515863603417328,0.710047137255647,0.277386244675588,-0.0961354274559927,-0.571162772620515,-0.984267812071631,-0.677702173730201,-0.547451936877946,0.0965562598886742,-0.210320942106736,0.741598425648379
-0.868725972092223,-0.246853226983658,0.387149094940604,-0.145586612161965,-0.644449613258951,-0.844263276597514,-0.308100064442467,-0.472652616947513,-0.303479337376586,-0.272943246705434,-1.12993700787261,-0.653578661018417,0,-0.0408077022818836,-0.515863603417328,-0.453403593669269,0.748942860624089,0.345567887882352,1.506851085474,1.49462889981248,0.418225241576664,2.21008374517393,-0.270137320055423,-0.210320942106736,0.741598425648379
0.977316718603751,-0.246853226983658,0.387149094940604,-0.803143856760658,-0.644449613258951,0.728610772954018,-1.14613223972598,0.183273463714342,-0.303479337376586,-0.935805417275773,-1.12993700787261,-0.653578661018417,-1.02884557165513,-0.96578228733791,-0.515863603417328,-1.03512895913173,-0.665726987221412,-0.0409225130386996,-0.585298921315036,-0.984267812071631,-0.677702173730201,-0.547451936877946,-0.0974179419303183,-0.210320942106736,0.741598425648379
0.977316718603751,-0.246853226983658,0.356367290256639,0.877280212769334,0.539944270568311,0.728610772954018,-0.308100064442467,-1.12857869760937,-0.303479337376586,0.389918923864905,0.347672925499264,0.184975092741062,0,1.80914146783017,0.0505313109913636,-1.03512895913173,-1.13728360316991,0.345567887882352,-0.578230846967776,-0.984267812071631,-0.677702173730201,0.831315904147992,-0.288711355175307,-0.210320942106736,0.741598425648379
